PMSAVEGAME



VERSION:1



TIMESTAMP_START:
TIMESTAMP_END:
MAX_FRAME:
LEVEL_NUM: 


PLAYER_INFO_START:
PLAYER_NUMBER:
PLAYE_COLOR:
PLAYER_NAME:
FRAME_START:
FRAME_END:
DEATHS:
PURPLE_COINS:
PLAYER_INFO_END:
GAME_DATA_NUM_ENTRIES:523
GAME_DATA_START:
0
0
0
2
1
9
0
5
1
1
0
8
3
5
0
1
32
5
0
3
33
5
0
2
140
5
0
34
142
5
0
2
212
5
0
18
216
5
0
2
225
5
0
0
229
5
0
16
233
5
0
18
236
5
0
2
248
5
0
18
251
5
0
50
253
5
0
34
255
5
0
2
262
5
0
18
266
5
0
2
268
5
0
18
272
5
0
2
281
5
0
18
288
5
0
2
298
5
0
34
300
5
0
2
311
5
0
18
314
5
0
2
355
5
0
18
363
5
0
2
366
5
0
0
378
5
0
1
380
5
0
0
425
5
0
1
429
5
0
0
437
5
0
2
440
5
0
0
469
5
0
1
476
5
0
5
477
5
0
36
480
5
0
4
482
5
0
6
489
5
0
4
490
5
0
0
498
5
0
1
502
5
0
0
504
5
0
2
508
5
0
0
516
5
0
16
529
5
0
18
532
5
0
50
533
5
0
34
534
5
0
2
548
5
0
34
549
5
0
2
550
5
0
0
555
5
0
16
557
5
0
0
559
5
0
16
561
5
0
0
568
5
0
16
572
5
0
0
588
5
0
16
593
5
0
0
595
5
0
16
599
5
0
0
618
5
0
32
620
5
0
0
631
5
0
1
640
5
0
0
650
5
0
1
659
5
0
0
676
5
0
1
679
5
0
0
680
5
0
48
687
5
0
50
688
5
0
34
691
5
0
32
713
5
0
36
717
5
0
52
720
5
0
20
721
5
0
4
723
5
0
0
727
5
0
2
732
5
0
0
739
5
0
2
778
5
0
0
866
5
0
2
882
5
0
34
884
5
0
2
909
5
0
1
931
5
0
33
958
5
0
49
962
5
0
52
966
5
0
53
967
5
0
49
970
5
0
48
971
5
0
32
978
5
0
34
981
5
0
32
982
5
0
33
984
5
0
32
986
5
0
34
989
5
0
32
990
5
0
33
992
5
0
32
995
5
0
34
997
5
0
32
998
5
0
33
1001
5
0
32
1007
5
0
48
1009
5
0
52
1013
5
0
20
1017
5
0
4
1019
5
0
0
1024
5
0
2
1026
5
0
0
1033
5
0
32
1042
5
0
33
1046
5
0
32
1048
5
0
48
1051
5
0
52
1056
5
0
20
1060
5
0
4
1063
5
0
0
1102
5
0
1
1104
5
0
0
1110
5
0
48
1112
5
0
52
1120
5
0
20
1122
5
0
4
1123
5
0
0
1137
5
0
32
1139
5
0
48
1149
5
0
49
1151
5
0
17
1154
5
0
1
1190
5
0
17
1200
5
0
25
1201
5
0
8
1204
5
0
10
1205
5
0
2
1208
5
0
6
1212
5
0
4
1216
5
0
6
1220
5
0
4
1227
5
0
6
1232
5
0
4
1236
5
0
6
1244
5
0
4
1256
5
0
6
1257
5
0
38
1258
5
0
6
1267
5
0
4
1269
5
0
6
1277
5
0
22
1290
5
0
6
1302
5
0
38
1304
5
0
6
1307
5
0
4
1314
5
0
5
1316
5
0
1
1323
5
0
17
1326
5
0
16
1330
5
0
0
1338
5
0
2
1342
5
0
3
1343
5
0
1
1356
5
0
33
1357
5
0
1
1360
5
0
33
1361
5
0
1
1372
5
0
33
1374
5
0
1
1382
5
0
17
1400
5
0
21
1409
5
0
20
1410
5
0
4
1414
5
0
6
1420
5
0
4
1422
5
0
5
1426
5
0
0
1431
5
0
16
1441
5
0
17
1452
5
0
52
1454
5
0
38
1455
5
0
6
1470
5
0
2
1471
5
0
18
1477
5
0
16
1480
5
0
17
1483
5
0
16
1484
5
0
0
1499
5
0
17
1524
5
0
1
1526
5
0
0
1529
5
0
1
1532
5
0
0
1534
5
0
1
1538
5
0
0
1539
5
0
1
1546
5
0
16
1556
5
0
17
1561
5
0
1
1566
5
0
0
1569
5
0
1
1577
5
0
17
1580
5
0
16
1584
5
0
1
1587
5
0
0
1590
5
0
1
1595
5
0
0
1597
5
0
2
1605
5
0
0
1606
5
0
16
1614
5
0
18
1640
5
0
2
1648
5
0
0
1652
5
0
1
1656
5
0
0
1657
5
0
1
1660
5
0
0
1672
5
0
16
1678
5
0
0
1706
5
0
16
1716
5
0
17
1720
5
0
16
1721
5
0
0
1724
5
0
1
1726
5
0
0
1728
5
0
1
1730
5
0
0
1738
5
0
2
1747
5
0
0
1752
5
0
16
1763
5
0
17
1764
5
0
16
1768
5
0
0
1780
5
0
2
1784
5
0
0
1785
5
0
1
1789
5
0
0
1802
5
0
1
1807
5
0
0
1810
5
0
1
1815
5
0
16
1825
5
0
0
1848
5
0
16
1852
5
0
17
1854
5
0
0
1857
5
0
1
1860
5
0
0
1866
5
0
1
1881
5
0
16
1887
5
0
17
1891
5
0
1
1902
5
0
0
1904
5
0
1
1907
5
0
0
1910
5
0
1
1912
5
0
0
1914
5
0
1
1917
5
0
0
1918
5
0
1
1920
5
0
0
1923
5
0
16
1924
5
0
48
1925
5
0
32
1928
5
0
0
1930
5
0
2
1932
5
0
18
1946
5
0
0
1954
5
0
1
1957
5
0
0
1962
5
0
1
1964
5
0
0
1966
5
0
1
1968
5
0
0
1970
5
0
16
1973
5
0
0
1978
5
0
1
1980
5
0
0
1989
5
0
2
1991
5
0
0
1993
5
0
1
1995
5
0
0
2018
5
0
2
2020
5
0
0
2026
5
0
2
2028
5
0
0
2030
5
0
2
2034
5
0
0
2046
5
0
2
2050
5
0
0
2057
5
0
18
2059
5
0
16
2061
5
0
18
2062
5
0
2
2064
5
0
0
2088
5
0
16
2101
5
0
17
2109
5
0
1
2131
5
0
9
2134
5
0
8
2135
5
0
9
2147
5
0
1
2151
5
0
17
2155
5
0
1
2156
5
0
5
2168
5
0
21
2171
5
0
17
2190
5
0
49
2191
5
0
33
2192
5
0
1
2194
5
0
0
2205
5
0
18
2208
5
0
16
2247
5
0
17
2259
5
0
49
2260
5
0
32
2261
5
0
0
2263
5
0
32
2264
5
0
0
2268
5
0
32
2270
5
0
0
2272
5
0
32
2273
5
0
0
2278
5
0
16
2280
5
0
17
2294
5
0
49
2296
5
0
33
2297
5
0
1
2299
5
0
2
2300
5
0
34
2301
5
0
0
2307
5
0
32
2308
5
0
0
2313
5
0
32
2314
5
0
0
2319
5
0
32
2320
5
0
0
2329
5
0
2
2332
5
0
16
2338
5
0
18
2339
5
0
6
2341
5
0
4
2343
5
0
6
2344
5
0
38
2346
5
0
4
2348
5
0
36
2349
5
0
4
2351
5
0
6
2352
5
0
4
2354
5
0
37
2355
5
0
5
2360
5
0
37
2362
5
0
5
2364
5
0
37
2365
5
0
5
2366
5
0
4
2369
5
0
6
2372
5
0
0
2378
5
0
2
2381
5
0
50
2382
5
0
48
2384
5
0
32
2385
5
0
0
2393
5
0
2
2405
5
0
18
2424
5
0
2
2446
5
0
1
2478
5
0
0
2527
5
0
16
2549
5
0
17
2561
5
0
1
2576
5
0
3
2577
5
0
2
2579
5
0
0
2580
5
0
16
2582
5
0
0
2588
5
0
16
2590
5
0
0
2592
5
0
16
2595
5
0
0
2597
5
0
16
2599
5
0
0
2604
5
0
32
2607
5
0
0
2609
5
0
48
2615
5
0
16
2619
5
0
0
2625
5
0
2
2647
5
0
0
2652
5
0
2
2669
5
0
0
2672
5
0
1
2678
5
0
3
2679
5
0
2
2683
5
0
0
2686
5
0
1
2690
5
0
0
2692
5
0
2
2695
5
0
0
2696
5
0
1
2700
5
0
2
2703
5
0
0
2704
5
0
32
2707
5
0
0
2722
5
0
16
2725
5
0
17
2727
5
0
16
2730
5
0
18
2731
5
0
2
2733
5
0
1
2805
5
0
4
2807
5
0
0
2815
5
0
4
2821
5
0
0
2822
5
0
1
2823
5
0
17
2826
5
0
16
2829
5
0
1
2832
5
0
0
2835
5
0
1
2837
5
0
0
2842
5
0
17
2844
5
0
16
2870
5
0
18
2872
5
0
16
2877
5
0
18
2888
5
0
2
2899
5
0
34
2901
5
0
2
2902
5
0
18
2909
5
0
2
2912
5
0
16
2914
5
0
0
2925
5
0
1
2946
5
0
0
2958
5
0
2
2961
5
0
0
2975
5
0
2
2977
5
0
0
2982
5
0
8
2984
5
0
0
2992
5
0
2
3036
5
0
18
3048
5
0
2
3080
5
0
18
3111
5
0
2
3114
5
0
0
3130
5
0
2
3131
5
0
18
3132
5
0
16
3140
5
0
0
3159
5
0
2
3167
5
0
0
3177
5
0
16
3180
5
0
0
3183
5
0
2
3185
5
0
0
3204
5
0
2
3211
5
0
0
3229
5
0
2
3233
5
0
0
3247
5
0
2
3249
5
0
0
3256
5
0
16
3258
5
0
17
3260
5
0
16
3264
5
0
0
3277
5
0
2
3282
5
0
0
3286
5
0
2
3291
5
0
0
3292
5
0
16
3294
5
0
0
3317
5
0
2
3324
5
0
0
3331
5
0
2
3333
5
0
0
3334
5
0
16
3340
5
0
0
3377
5
0
1
3380
5
0
0
3423
5
0
1
3427
5
0
0
3528
5
0
16
3531
5
0
0
3556
5
0
1
3561
5
0
0
3567
5
0
1
3569
5
0
0
3575
5
0
16
3581
5
0
0
3584
5
0
1
3587
5
0
0
3600
5
0
1
3608
5
0
0
3616
5
0
16
3622
5
0
0
3631
5
0
1
3633
5
0
0
3642
5
0
2
3651
5
0
16
3656
5
0
18
3659
5
0
2
3661
5
0
0
3678
5
0
1
3690
5
0
0
3697
5
0
1
3701
5
0
0
3703
5
0
2
3704
5
0
0
3706
5
0
1
3722
5
0
17
3736
5
0
1
3743
5
0
0
3744
5
0
2
3752
5
0
0
3756
5
0
2
3791
5
0
18
3793
5
0
16
