PMSAVEGAME
VERSION:2
TIMESTAMP:20260105-133156
LEVEL_NUM:14
LAST_FRAME:347
GAME_DATA_NUM_ENTRIES:86
GAME_DATA_START:
0,0,0,14
1,9,0,5
1,8389632,2036427856,807432805
10,5,0,4
11,5,0,0
18,5,0,2
26,5,0,18
49,5,0,22
50,5,0,6
52,5,0,38
53,5,0,6
56,5,0,2
59,5,0,5
60,5,0,37
63,5,0,5
75,5,0,4
77,5,0,38
78,5,0,6
79,5,0,4
80,5,0,6
83,5,0,2
95,5,0,18
102,5,0,2
120,5,0,18
124,5,0,2
142,5,0,18
153,5,0,22
154,5,0,5
158,5,0,4
159,5,0,6
163,5,0,5
164,5,0,37
166,5,0,5
167,5,0,1
177,5,0,5
178,5,0,4
181,5,0,36
183,5,0,4
184,5,0,6
186,5,0,2
196,5,0,6
197,5,0,4
198,5,0,36
200,5,0,5
202,5,0,1
205,5,0,17
210,5,0,1
228,5,0,17
235,5,0,1
237,5,0,5
240,5,0,4
242,5,0,36
243,5,0,4
251,5,0,5
252,5,0,4
254,5,0,5
256,5,0,4
257,5,0,36
258,5,0,6
264,5,0,4
265,5,0,36
266,5,0,4
269,5,0,6
275,5,0,4
277,5,0,36
279,5,0,4
284,5,0,5
288,5,0,4
289,5,0,5
291,5,0,4
292,5,0,36
293,5,0,4
304,5,0,16
306,5,0,18
308,5,0,2
309,5,0,0
311,5,0,2
312,5,0,0
314,5,0,2
315,5,0,0
322,5,0,2
324,5,0,0
332,5,0,2
337,5,0,1
346,5,0,17
347,5,0,16
