number of entries 58
deathmatch_pbullets 1
deathmatch_pbullets_damage 5
suicide_pbullets 1
[ gm][  pc][p][cm]
[  0][   0]-------------START (level:381)------------- 
[  1][   0]-------------PLAYER 0 ACTIVE (color:9)-- 
[  2][  51][0][ 2]  [    ][    ][    ][  ][RIGHT][    ]
[  3][  68][0][ 0]  [    ][    ][    ][  ][     ][    ]
[  4][2034][0][ 2]  [    ][    ][    ][  ][RIGHT][    ]
[  5][2052][0][ 0]  [    ][    ][    ][  ][     ][    ]
[  6][2085][0][ 8]  [    ][    ][DOWN][  ][     ][    ]
[  7][2091][0][ 0]  [    ][    ][    ][  ][     ][    ]
[  8][2122][0][ 2]  [    ][    ][    ][  ][RIGHT][    ]
[  9][2130][0][ 1]  [    ][    ][    ][  ][     ][LEFT]
[ 10][2134][0][33]  [FIRE][    ][    ][  ][     ][LEFT]
[ 11][2138][0][49]  [FIRE][JUMP][    ][  ][     ][LEFT]
[ 12][2139][0][48]  [FIRE][JUMP][    ][  ][     ][    ]
[ 13][2140][0][16]  [    ][JUMP][    ][  ][     ][    ]
[ 14][2145][0][ 0]  [    ][    ][    ][  ][     ][    ]
[ 15][2167][0][ 2]  [    ][    ][    ][  ][RIGHT][    ]
[ 16][2175][0][ 0]  [    ][    ][    ][  ][     ][    ]
[ 17][2176][0][ 1]  [    ][    ][    ][  ][     ][LEFT]
[ 18][2182][0][ 3]  [    ][    ][    ][  ][RIGHT][LEFT]
[ 19][2183][0][19]  [    ][JUMP][    ][  ][RIGHT][LEFT]
[ 20][2184][0][18]  [    ][JUMP][    ][  ][RIGHT][    ]
[ 21][2188][0][17]  [    ][JUMP][    ][  ][     ][LEFT]
[ 22][2189][0][ 1]  [    ][    ][    ][  ][     ][LEFT]
[ 23][2193][0][17]  [    ][JUMP][    ][  ][     ][LEFT]
[ 24][2197][0][16]  [    ][JUMP][    ][  ][     ][    ]
[ 25][2207][0][ 0]  [    ][    ][    ][  ][     ][    ]
[ 26][2211][0][ 2]  [    ][    ][    ][  ][RIGHT][    ]
[ 27][2217][0][18]  [    ][JUMP][    ][  ][RIGHT][    ]
[ 28][2218][0][16]  [    ][JUMP][    ][  ][     ][    ]
[ 29][2264][0][18]  [    ][JUMP][    ][  ][RIGHT][    ]
[ 30][2275][0][ 2]  [    ][    ][    ][  ][RIGHT][    ]
[ 31][2295][0][ 0]  [    ][    ][    ][  ][     ][    ]
[ 32][2302][0][ 1]  [    ][    ][    ][  ][     ][LEFT]
[ 33][2306][0][ 0]  [    ][    ][    ][  ][     ][    ]
[ 34][2309][0][16]  [    ][JUMP][    ][  ][     ][    ]
[ 35][2320][0][17]  [    ][JUMP][    ][  ][     ][LEFT]
[ 36][2322][0][16]  [    ][JUMP][    ][  ][     ][    ]
[ 37][2347][0][ 0]  [    ][    ][    ][  ][     ][    ]
[ 38][2349][0][ 1]  [    ][    ][    ][  ][     ][LEFT]
[ 39][2358][0][33]  [FIRE][    ][    ][  ][     ][LEFT]
[ 40][2361][0][35]  [FIRE][    ][    ][  ][RIGHT][LEFT]
[ 41][2362][0][38]  [FIRE][    ][    ][UP][RIGHT][    ]
[ 42][2364][0][ 6]  [    ][    ][    ][UP][RIGHT][    ]
[ 43][2367][0][33]  [FIRE][    ][    ][  ][     ][LEFT]
[ 44][2370][0][37]  [FIRE][    ][    ][UP][     ][LEFT]
[ 45][2372][0][ 4]  [    ][    ][    ][UP][     ][    ]
[ 46][2373][0][20]  [    ][JUMP][    ][UP][     ][    ]
[ 47][2376][0][ 1]  [    ][    ][    ][  ][     ][LEFT]
[ 48][2377][0][33]  [FIRE][    ][    ][  ][     ][LEFT]
[ 49][2379][0][ 1]  [    ][    ][    ][  ][     ][LEFT]
[ 50][2380][0][ 5]  [    ][    ][    ][UP][     ][LEFT]
[ 51][2381][0][ 4]  [    ][    ][    ][UP][     ][    ]
[ 52][2382][0][22]  [    ][JUMP][    ][UP][RIGHT][    ]
[ 53][2383][0][20]  [    ][JUMP][    ][UP][     ][    ]
[ 54][2385][0][17]  [    ][JUMP][    ][  ][     ][LEFT]
[ 55][2386][0][49]  [FIRE][JUMP][    ][  ][     ][LEFT]
[ 56][2388][0][32]  [FIRE][    ][    ][  ][     ][    ]
[ 57][2389][0][ 0]  [    ][    ][    ][  ][     ][    ]
