number of entries 1708
deathmatch_pbullets 1
deathmatch_pbullets_damage 1
suicide_pbullets 1
[ gm][  pc][p][cm]
[  0][   0]-------------START (level:16)------------- 
[  1][   0]-------------PLAYER 0 ACTIVE (color:3)-- 
[  2][  25][0][ 2]  [    ][    ][    ][  ][RIGHT][    ]
[  3][  50][0][ 1]  [    ][    ][    ][  ][     ][LEFT]
[  4][  56][0][ 0]  [    ][    ][    ][  ][     ][    ]
[  5][  57][0][16]  [    ][JUMP][    ][  ][     ][    ]
[  6][  67][0][24]  [    ][JUMP][DOWN][  ][     ][    ]
[  7][  68][0][ 8]  [    ][    ][DOWN][  ][     ][    ]
[  8][  74][0][ 9]  [    ][    ][DOWN][  ][     ][LEFT]
[  9][  76][0][ 1]  [    ][    ][    ][  ][     ][LEFT]
[ 10][  78][0][ 0]  [    ][    ][    ][  ][     ][    ]
[ 11][  85][0][10]  [    ][    ][DOWN][  ][RIGHT][    ]
[ 12][  89][0][ 8]  [    ][    ][DOWN][  ][     ][    ]
[ 13][ 100][0][10]  [    ][    ][DOWN][  ][RIGHT][    ]
[ 14][ 103][0][ 2]  [    ][    ][    ][  ][RIGHT][    ]
[ 15][ 127][0][18]  [    ][JUMP][    ][  ][RIGHT][    ]
[ 16][ 139][0][ 2]  [    ][    ][    ][  ][RIGHT][    ]
[ 17][ 160][0][18]  [    ][JUMP][    ][  ][RIGHT][    ]
[ 18][ 164][0][ 2]  [    ][    ][    ][  ][RIGHT][    ]
[ 19][ 166][0][34]  [FIRE][    ][    ][  ][RIGHT][    ]
[ 20][ 167][0][ 2]  [    ][    ][    ][  ][RIGHT][    ]
[ 21][ 186][0][18]  [    ][JUMP][    ][  ][RIGHT][    ]
[ 22][ 200][0][ 2]  [    ][    ][    ][  ][RIGHT][    ]
[ 23][ 207][0][18]  [    ][JUMP][    ][  ][RIGHT][    ]
[ 24][ 212][0][ 2]  [    ][    ][    ][  ][RIGHT][    ]
[ 25][ 213][0][34]  [FIRE][    ][    ][  ][RIGHT][    ]
[ 26][ 217][0][ 2]  [    ][    ][    ][  ][RIGHT][    ]
[ 27][ 218][0][18]  [    ][JUMP][    ][  ][RIGHT][    ]
[ 28][ 222][0][50]  [FIRE][JUMP][    ][  ][RIGHT][    ]
[ 29][ 224][0][34]  [FIRE][    ][    ][  ][RIGHT][    ]
[ 30][ 226][0][ 2]  [    ][    ][    ][  ][RIGHT][    ]
[ 31][ 227][0][18]  [    ][JUMP][    ][  ][RIGHT][    ]
[ 32][ 232][0][34]  [FIRE][    ][    ][  ][RIGHT][    ]
[ 33][ 236][0][ 2]  [    ][    ][    ][  ][RIGHT][    ]
[ 34][ 237][0][18]  [    ][JUMP][    ][  ][RIGHT][    ]
[ 35][ 241][0][50]  [FIRE][JUMP][    ][  ][RIGHT][    ]
[ 36][ 242][0][34]  [FIRE][    ][    ][  ][RIGHT][    ]
[ 37][ 245][0][18]  [    ][JUMP][    ][  ][RIGHT][    ]
[ 38][ 249][0][ 2]  [    ][    ][    ][  ][RIGHT][    ]
[ 39][ 267][0][18]  [    ][JUMP][    ][  ][RIGHT][    ]
[ 40][ 276][0][ 2]  [    ][    ][    ][  ][RIGHT][    ]
[ 41][ 300][0][18]  [    ][JUMP][    ][  ][RIGHT][    ]
[ 42][ 316][0][ 6]  [    ][    ][    ][UP][RIGHT][    ]
[ 43][ 320][0][ 4]  [    ][    ][    ][UP][     ][    ]
[ 44][ 322][0][36]  [FIRE][    ][    ][UP][     ][    ]
[ 45][ 324][0][ 4]  [    ][    ][    ][UP][     ][    ]
[ 46][ 329][0][36]  [FIRE][    ][    ][UP][     ][    ]
[ 47][ 331][0][ 4]  [    ][    ][    ][UP][     ][    ]
[ 48][ 332][0][ 6]  [    ][    ][    ][UP][RIGHT][    ]
[ 49][ 336][0][36]  [FIRE][    ][    ][UP][     ][    ]
[ 50][ 338][0][ 4]  [    ][    ][    ][UP][     ][    ]
[ 51][ 342][0][36]  [FIRE][    ][    ][UP][     ][    ]
[ 52][ 344][0][ 4]  [    ][    ][    ][UP][     ][    ]
[ 53][ 348][0][36]  [FIRE][    ][    ][UP][     ][    ]
[ 54][ 351][0][ 4]  [    ][    ][    ][UP][     ][    ]
[ 55][ 355][0][36]  [FIRE][    ][    ][UP][     ][    ]
[ 56][ 358][0][ 4]  [    ][    ][    ][UP][     ][    ]
[ 57][ 362][0][36]  [FIRE][    ][    ][UP][     ][    ]
[ 58][ 366][0][ 5]  [    ][    ][    ][UP][     ][LEFT]
[ 59][ 367][0][21]  [    ][JUMP][    ][UP][     ][LEFT]
[ 60][ 368][0][17]  [    ][JUMP][    ][  ][     ][LEFT]
[ 61][ 370][0][16]  [    ][JUMP][    ][  ][     ][    ]
[ 62][ 389][0][ 0]  [    ][    ][    ][  ][     ][    ]
[ 63][ 398][0][ 2]  [    ][    ][    ][  ][RIGHT][    ]
[ 64][ 402][0][ 3]  [    ][    ][    ][  ][RIGHT][LEFT]
[ 65][ 404][0][ 1]  [    ][    ][    ][  ][     ][LEFT]
[ 66][ 406][0][ 0]  [    ][    ][    ][  ][     ][    ]
[ 67][ 416][0][16]  [    ][JUMP][    ][  ][     ][    ]
[ 68][ 444][0][18]  [    ][JUMP][    ][  ][RIGHT][    ]
[ 69][ 446][0][ 2]  [    ][    ][    ][  ][RIGHT][    ]
[ 70][ 478][0][18]  [    ][JUMP][    ][  ][RIGHT][    ]
[ 71][ 492][0][34]  [FIRE][    ][    ][  ][RIGHT][    ]
[ 72][ 496][0][ 2]  [    ][    ][    ][  ][RIGHT][    ]
[ 73][ 500][0][34]  [FIRE][    ][    ][  ][RIGHT][    ]
[ 74][ 503][0][ 2]  [    ][    ][    ][  ][RIGHT][    ]
[ 75][ 521][0][18]  [    ][JUMP][    ][  ][RIGHT][    ]
[ 76][ 523][0][16]  [    ][JUMP][    ][  ][     ][    ]
[ 77][ 530][0][17]  [    ][JUMP][    ][  ][     ][LEFT]
[ 78][ 540][0][19]  [    ][JUMP][    ][  ][RIGHT][LEFT]
[ 79][ 541][0][18]  [    ][JUMP][    ][  ][RIGHT][    ]
[ 80][ 552][0][ 2]  [    ][    ][    ][  ][RIGHT][    ]
[ 81][ 562][0][18]  [    ][JUMP][    ][  ][RIGHT][    ]
[ 82][ 593][0][ 2]  [    ][    ][    ][  ][RIGHT][    ]
[ 83][ 607][0][18]  [    ][JUMP][    ][  ][RIGHT][    ]
[ 84][ 668][0][ 2]  [    ][    ][    ][  ][RIGHT][    ]
[ 85][ 672][0][ 0]  [    ][    ][    ][  ][     ][    ]
[ 86][ 692][0][ 2]  [    ][    ][    ][  ][RIGHT][    ]
[ 87][ 704][0][ 6]  [    ][    ][    ][UP][RIGHT][    ]
[ 88][ 706][0][ 5]  [    ][    ][    ][UP][     ][LEFT]
[ 89][ 707][0][37]  [FIRE][    ][    ][UP][     ][LEFT]
[ 90][ 710][0][ 4]  [    ][    ][    ][UP][     ][    ]
[ 91][ 714][0][38]  [FIRE][    ][    ][UP][RIGHT][    ]
[ 92][ 717][0][ 6]  [    ][    ][    ][UP][RIGHT][    ]
[ 93][ 719][0][ 4]  [    ][    ][    ][UP][     ][    ]
[ 94][ 720][0][36]  [FIRE][    ][    ][UP][     ][    ]
[ 95][ 723][0][ 4]  [    ][    ][    ][UP][     ][    ]
[ 96][ 726][0][36]  [FIRE][    ][    ][UP][     ][    ]
[ 97][ 728][0][37]  [FIRE][    ][    ][UP][     ][LEFT]
[ 98][ 730][0][ 5]  [    ][    ][    ][UP][     ][LEFT]
[ 99][ 733][0][37]  [FIRE][    ][    ][UP][     ][LEFT]
[100][ 736][0][ 5]  [    ][    ][    ][UP][     ][LEFT]
[101][ 738][0][ 4]  [    ][    ][    ][UP][     ][    ]
[102][ 739][0][ 6]  [    ][    ][    ][UP][RIGHT][    ]
[103][ 740][0][38]  [FIRE][    ][    ][UP][RIGHT][    ]
[104][ 743][0][ 6]  [    ][    ][    ][UP][RIGHT][    ]
[105][ 747][0][38]  [FIRE][    ][    ][UP][RIGHT][    ]
[106][ 750][0][ 6]  [    ][    ][    ][UP][RIGHT][    ]
[107][ 754][0][38]  [FIRE][    ][    ][UP][RIGHT][    ]
[108][ 756][0][ 6]  [    ][    ][    ][UP][RIGHT][    ]
[109][ 761][0][38]  [FIRE][    ][    ][UP][RIGHT][    ]
[110][ 764][0][ 6]  [    ][    ][    ][UP][RIGHT][    ]
[111][ 768][0][38]  [FIRE][    ][    ][UP][RIGHT][    ]
[112][ 771][0][ 6]  [    ][    ][    ][UP][RIGHT][    ]
[113][ 775][0][38]  [FIRE][    ][    ][UP][RIGHT][    ]
[114][ 777][0][ 6]  [    ][    ][    ][UP][RIGHT][    ]
[115][ 780][0][ 5]  [    ][    ][    ][UP][     ][LEFT]
[116][ 782][0][37]  [FIRE][    ][    ][UP][     ][LEFT]
[117][ 785][0][ 5]  [    ][    ][    ][UP][     ][LEFT]
[118][ 789][0][37]  [FIRE][    ][    ][UP][     ][LEFT]
[119][ 792][0][ 5]  [    ][    ][    ][UP][     ][LEFT]
[120][ 794][0][ 4]  [    ][    ][    ][UP][     ][    ]
[121][ 795][0][ 6]  [    ][    ][    ][UP][RIGHT][    ]
[122][ 796][0][38]  [FIRE][    ][    ][UP][RIGHT][    ]
[123][ 798][0][ 6]  [    ][    ][    ][UP][RIGHT][    ]
[124][ 803][0][37]  [FIRE][    ][    ][UP][     ][LEFT]
[125][ 806][0][ 5]  [    ][    ][    ][UP][     ][LEFT]
[126][ 807][0][ 4]  [    ][    ][    ][UP][     ][    ]
[127][ 808][0][ 6]  [    ][    ][    ][UP][RIGHT][    ]
[128][ 810][0][38]  [FIRE][    ][    ][UP][RIGHT][    ]
[129][ 813][0][ 6]  [    ][    ][    ][UP][RIGHT][    ]
[130][ 814][0][ 7]  [    ][    ][    ][UP][RIGHT][LEFT]
[131][ 816][0][ 5]  [    ][    ][    ][UP][     ][LEFT]
[132][ 818][0][37]  [FIRE][    ][    ][UP][     ][LEFT]
[133][ 820][0][ 4]  [    ][    ][    ][UP][     ][    ]
[134][ 824][0][36]  [FIRE][    ][    ][UP][     ][    ]
[135][ 828][0][ 5]  [    ][    ][    ][UP][     ][LEFT]
[136][ 831][0][ 4]  [    ][    ][    ][UP][     ][    ]
[137][ 832][0][38]  [FIRE][    ][    ][UP][RIGHT][    ]
[138][ 835][0][ 6]  [    ][    ][    ][UP][RIGHT][    ]
[139][ 839][0][36]  [FIRE][    ][    ][UP][     ][    ]
[140][ 840][0][37]  [FIRE][    ][    ][UP][     ][LEFT]
[141][ 842][0][ 5]  [    ][    ][    ][UP][     ][LEFT]
[142][ 846][0][37]  [FIRE][    ][    ][UP][     ][LEFT]
[143][ 849][0][ 5]  [    ][    ][    ][UP][     ][LEFT]
[144][ 854][0][37]  [FIRE][    ][    ][UP][     ][LEFT]
[145][ 856][0][ 5]  [    ][    ][    ][UP][     ][LEFT]
[146][ 857][0][ 1]  [    ][    ][    ][  ][     ][LEFT]
[147][ 860][0][33]  [FIRE][    ][    ][  ][     ][LEFT]
[148][ 862][0][ 1]  [    ][    ][    ][  ][     ][LEFT]
[149][ 864][0][ 5]  [    ][    ][    ][UP][     ][LEFT]
[150][ 866][0][ 4]  [    ][    ][    ][UP][     ][    ]
[151][ 867][0][36]  [FIRE][    ][    ][UP][     ][    ]
[152][ 869][0][ 4]  [    ][    ][    ][UP][     ][    ]
[153][ 874][0][36]  [FIRE][    ][    ][UP][     ][    ]
[154][ 875][0][38]  [FIRE][    ][    ][UP][RIGHT][    ]
[155][ 877][0][ 6]  [    ][    ][    ][UP][RIGHT][    ]
[156][ 881][0][36]  [FIRE][    ][    ][UP][     ][    ]
[157][ 882][0][37]  [FIRE][    ][    ][UP][     ][LEFT]
[158][ 884][0][ 5]  [    ][    ][    ][UP][     ][LEFT]
[159][ 887][0][ 1]  [    ][    ][    ][  ][     ][LEFT]
[160][ 888][0][33]  [FIRE][    ][    ][  ][     ][LEFT]
[161][ 890][0][ 1]  [    ][    ][    ][  ][     ][LEFT]
[162][ 895][0][33]  [FIRE][    ][    ][  ][     ][LEFT]
[163][ 897][0][ 1]  [    ][    ][    ][  ][     ][LEFT]
[164][ 902][0][33]  [FIRE][    ][    ][  ][     ][LEFT]
[165][ 904][0][ 1]  [    ][    ][    ][  ][     ][LEFT]
[166][ 909][0][33]  [FIRE][    ][    ][  ][     ][LEFT]
[167][ 911][0][ 1]  [    ][    ][    ][  ][     ][LEFT]
[168][ 915][0][33]  [FIRE][    ][    ][  ][     ][LEFT]
[169][ 917][0][ 1]  [    ][    ][    ][  ][     ][LEFT]
[170][ 921][0][33]  [FIRE][    ][    ][  ][     ][LEFT]
[171][ 923][0][ 1]  [    ][    ][    ][  ][     ][LEFT]
[172][ 926][0][33]  [FIRE][    ][    ][  ][     ][LEFT]
[173][ 929][0][ 1]  [    ][    ][    ][  ][     ][LEFT]
[174][ 930][0][33]  [FIRE][    ][    ][  ][     ][LEFT]
[175][ 931][0][49]  [FIRE][JUMP][    ][  ][     ][LEFT]
[176][ 934][0][17]  [    ][JUMP][    ][  ][     ][LEFT]
[177][ 942][0][49]  [FIRE][JUMP][    ][  ][     ][LEFT]
[178][ 947][0][17]  [    ][JUMP][    ][  ][     ][LEFT]
[179][ 950][0][ 1]  [    ][    ][    ][  ][     ][LEFT]
[180][ 953][0][33]  [FIRE][    ][    ][  ][     ][LEFT]
[181][ 957][0][ 1]  [    ][    ][    ][  ][     ][LEFT]
[182][ 994][0][17]  [    ][JUMP][    ][  ][     ][LEFT]
[183][1019][0][ 1]  [    ][    ][    ][  ][     ][LEFT]
[184][1032][0][17]  [    ][JUMP][    ][  ][     ][LEFT]
[185][1044][0][ 1]  [    ][    ][    ][  ][     ][LEFT]
[186][1087][0][17]  [    ][JUMP][    ][  ][     ][LEFT]
[187][1102][0][33]  [FIRE][    ][    ][  ][     ][LEFT]
[188][1105][0][ 1]  [    ][    ][    ][  ][     ][LEFT]
[189][1109][0][33]  [FIRE][    ][    ][  ][     ][LEFT]
[190][1112][0][ 1]  [    ][    ][    ][  ][     ][LEFT]
[191][1119][0][17]  [    ][JUMP][    ][  ][     ][LEFT]
[192][1129][0][33]  [FIRE][    ][    ][  ][     ][LEFT]
[193][1132][0][ 1]  [    ][    ][    ][  ][     ][LEFT]
[194][1135][0][33]  [FIRE][    ][    ][  ][     ][LEFT]
[195][1139][0][ 1]  [    ][    ][    ][  ][     ][LEFT]
[196][1142][0][33]  [FIRE][    ][    ][  ][     ][LEFT]
[197][1145][0][ 1]  [    ][    ][    ][  ][     ][LEFT]
[198][1148][0][33]  [FIRE][    ][    ][  ][     ][LEFT]
[199][1150][0][ 1]  [    ][    ][    ][  ][     ][LEFT]
[200][1153][0][33]  [FIRE][    ][    ][  ][     ][LEFT]
[201][1156][0][ 1]  [    ][    ][    ][  ][     ][LEFT]
[202][1159][0][17]  [    ][JUMP][    ][  ][     ][LEFT]
[203][1160][0][49]  [FIRE][JUMP][    ][  ][     ][LEFT]
[204][1161][0][17]  [    ][JUMP][    ][  ][     ][LEFT]
[205][1163][0][49]  [FIRE][JUMP][    ][  ][     ][LEFT]
[206][1165][0][17]  [    ][JUMP][    ][  ][     ][LEFT]
[207][1171][0][49]  [FIRE][JUMP][    ][  ][     ][LEFT]
[208][1174][0][ 1]  [    ][    ][    ][  ][     ][LEFT]
[209][1175][0][33]  [FIRE][    ][    ][  ][     ][LEFT]
[210][1176][0][49]  [FIRE][JUMP][    ][  ][     ][LEFT]
[211][1179][0][ 1]  [    ][    ][    ][  ][     ][LEFT]
[212][1190][0][17]  [    ][JUMP][    ][  ][     ][LEFT]
[213][1200][0][ 1]  [    ][    ][    ][  ][     ][LEFT]
[214][1213][0][17]  [    ][JUMP][    ][  ][     ][LEFT]
[215][1226][0][ 1]  [    ][    ][    ][  ][     ][LEFT]
[216][1240][0][17]  [    ][JUMP][    ][  ][     ][LEFT]
[217][1261][0][49]  [FIRE][JUMP][    ][  ][     ][LEFT]
[218][1262][0][33]  [FIRE][    ][    ][  ][     ][LEFT]
[219][1264][0][ 1]  [    ][    ][    ][  ][     ][LEFT]
[220][1267][0][33]  [FIRE][    ][    ][  ][     ][LEFT]
[221][1270][0][ 1]  [    ][    ][    ][  ][     ][LEFT]
[222][1275][0][33]  [FIRE][    ][    ][  ][     ][LEFT]
[223][1278][0][ 1]  [    ][    ][    ][  ][     ][LEFT]
[224][1281][0][33]  [FIRE][    ][    ][  ][     ][LEFT]
[225][1284][0][ 1]  [    ][    ][    ][  ][     ][LEFT]
[226][1286][0][ 3]  [    ][    ][    ][  ][RIGHT][LEFT]
[227][1287][0][ 2]  [    ][    ][    ][  ][RIGHT][    ]
[228][1289][0][34]  [FIRE][    ][    ][  ][RIGHT][    ]
[229][1292][0][ 2]  [    ][    ][    ][  ][RIGHT][    ]
[230][1296][0][34]  [FIRE][    ][    ][  ][RIGHT][    ]
[231][1297][0][38]  [FIRE][    ][    ][UP][RIGHT][    ]
[232][1299][0][ 4]  [    ][    ][    ][UP][     ][    ]
[233][1300][0][ 5]  [    ][    ][    ][UP][     ][LEFT]
[234][1303][0][37]  [FIRE][    ][    ][UP][     ][LEFT]
[235][1304][0][33]  [FIRE][    ][    ][  ][     ][LEFT]
[236][1306][0][ 1]  [    ][    ][    ][  ][     ][LEFT]
[237][1310][0][33]  [FIRE][    ][    ][  ][     ][LEFT]
[238][1313][0][ 1]  [    ][    ][    ][  ][     ][LEFT]
[239][1318][0][33]  [FIRE][    ][    ][  ][     ][LEFT]
[240][1321][0][ 1]  [    ][    ][    ][  ][     ][LEFT]
[241][1325][0][33]  [FIRE][    ][    ][  ][     ][LEFT]
[242][1327][0][37]  [FIRE][    ][    ][UP][     ][LEFT]
[243][1329][0][ 5]  [    ][    ][    ][UP][     ][LEFT]
[244][1331][0][ 4]  [    ][    ][    ][UP][     ][    ]
[245][1333][0][37]  [FIRE][    ][    ][UP][     ][LEFT]
[246][1336][0][ 5]  [    ][    ][    ][UP][     ][LEFT]
[247][1340][0][37]  [FIRE][    ][    ][UP][     ][LEFT]
[248][1343][0][ 5]  [    ][    ][    ][UP][     ][LEFT]
[249][1347][0][37]  [FIRE][    ][    ][UP][     ][LEFT]
[250][1348][0][36]  [FIRE][    ][    ][UP][     ][    ]
[251][1349][0][ 4]  [    ][    ][    ][UP][     ][    ]
[252][1353][0][36]  [FIRE][    ][    ][UP][     ][    ]
[253][1355][0][ 4]  [    ][    ][    ][UP][     ][    ]
[254][1359][0][36]  [FIRE][    ][    ][UP][     ][    ]
[255][1362][0][ 4]  [    ][    ][    ][UP][     ][    ]
[256][1366][0][36]  [FIRE][    ][    ][UP][     ][    ]
[257][1368][0][37]  [FIRE][    ][    ][UP][     ][LEFT]
[258][1369][0][ 5]  [    ][    ][    ][UP][     ][LEFT]
[259][1372][0][37]  [FIRE][    ][    ][UP][     ][LEFT]
[260][1374][0][36]  [FIRE][    ][    ][UP][     ][    ]
[261][1375][0][ 4]  [    ][    ][    ][UP][     ][    ]
[262][1379][0][37]  [FIRE][    ][    ][UP][     ][LEFT]
[263][1381][0][ 5]  [    ][    ][    ][UP][     ][LEFT]
[264][1383][0][ 4]  [    ][    ][    ][UP][     ][    ]
[265][1385][0][ 6]  [    ][    ][    ][UP][RIGHT][    ]
[266][1386][0][38]  [FIRE][    ][    ][UP][RIGHT][    ]
[267][1388][0][ 6]  [    ][    ][    ][UP][RIGHT][    ]
[268][1391][0][38]  [FIRE][    ][    ][UP][RIGHT][    ]
[269][1393][0][ 6]  [    ][    ][    ][UP][RIGHT][    ]
[270][1395][0][ 4]  [    ][    ][    ][UP][     ][    ]
[271][1396][0][ 5]  [    ][    ][    ][UP][     ][LEFT]
[272][1398][0][37]  [FIRE][    ][    ][UP][     ][LEFT]
[273][1401][0][ 4]  [    ][    ][    ][UP][     ][    ]
[274][1404][0][36]  [FIRE][    ][    ][UP][     ][    ]
[275][1407][0][ 4]  [    ][    ][    ][UP][     ][    ]
[276][1410][0][ 6]  [    ][    ][    ][UP][RIGHT][    ]
[277][1418][0][22]  [    ][JUMP][    ][UP][RIGHT][    ]
[278][1423][0][18]  [    ][JUMP][    ][  ][RIGHT][    ]
[279][1447][0][ 2]  [    ][    ][    ][  ][RIGHT][    ]
[280][1457][0][18]  [    ][JUMP][    ][  ][RIGHT][    ]
[281][1485][0][ 2]  [    ][    ][    ][  ][RIGHT][    ]
[282][1492][0][18]  [    ][JUMP][    ][  ][RIGHT][    ]
[283][1506][0][50]  [FIRE][JUMP][    ][  ][RIGHT][    ]
[284][1507][0][34]  [FIRE][    ][    ][  ][RIGHT][    ]
[285][1510][0][ 2]  [    ][    ][    ][  ][RIGHT][    ]
[286][1511][0][ 6]  [    ][    ][    ][UP][RIGHT][    ]
[287][1515][0][38]  [FIRE][    ][    ][UP][RIGHT][    ]
[288][1518][0][ 6]  [    ][    ][    ][UP][RIGHT][    ]
[289][1521][0][38]  [FIRE][    ][    ][UP][RIGHT][    ]
[290][1524][0][ 6]  [    ][    ][    ][UP][RIGHT][    ]
[291][1529][0][38]  [FIRE][    ][    ][UP][RIGHT][    ]
[292][1533][0][ 6]  [    ][    ][    ][UP][RIGHT][    ]
[293][1535][0][22]  [    ][JUMP][    ][UP][RIGHT][    ]
[294][1537][0][54]  [FIRE][JUMP][    ][UP][RIGHT][    ]
[295][1538][0][22]  [    ][JUMP][    ][UP][RIGHT][    ]
[296][1540][0][18]  [    ][JUMP][    ][  ][RIGHT][    ]
[297][1560][0][50]  [FIRE][JUMP][    ][  ][RIGHT][    ]
[298][1561][0][34]  [FIRE][    ][    ][  ][RIGHT][    ]
[299][1565][0][ 2]  [    ][    ][    ][  ][RIGHT][    ]
[300][1569][0][34]  [FIRE][    ][    ][  ][RIGHT][    ]
[301][1572][0][ 2]  [    ][    ][    ][  ][RIGHT][    ]
[302][1576][0][34]  [FIRE][    ][    ][  ][RIGHT][    ]
[303][1579][0][ 2]  [    ][    ][    ][  ][RIGHT][    ]
[304][1583][0][34]  [FIRE][    ][    ][  ][RIGHT][    ]
[305][1586][0][ 2]  [    ][    ][    ][  ][RIGHT][    ]
[306][1590][0][18]  [    ][JUMP][    ][  ][RIGHT][    ]
[307][1617][0][50]  [FIRE][JUMP][    ][  ][RIGHT][    ]
[308][1618][0][34]  [FIRE][    ][    ][  ][RIGHT][    ]
[309][1621][0][ 6]  [    ][    ][    ][UP][RIGHT][    ]
[310][1624][0][ 4]  [    ][    ][    ][UP][     ][    ]
[311][1625][0][36]  [FIRE][    ][    ][UP][     ][    ]
[312][1626][0][37]  [FIRE][    ][    ][UP][     ][LEFT]
[313][1627][0][36]  [FIRE][    ][    ][UP][     ][    ]
[314][1628][0][ 4]  [    ][    ][    ][UP][     ][    ]
[315][1630][0][ 6]  [    ][    ][    ][UP][RIGHT][    ]
[316][1637][0][ 2]  [    ][    ][    ][  ][RIGHT][    ]
[317][1641][0][18]  [    ][JUMP][    ][  ][RIGHT][    ]
[318][1660][0][50]  [FIRE][JUMP][    ][  ][RIGHT][    ]
[319][1661][0][34]  [FIRE][    ][    ][  ][RIGHT][    ]
[320][1663][0][ 2]  [    ][    ][    ][  ][RIGHT][    ]
[321][1667][0][34]  [FIRE][    ][    ][  ][RIGHT][    ]
[322][1670][0][ 2]  [    ][    ][    ][  ][RIGHT][    ]
[323][1675][0][34]  [FIRE][    ][    ][  ][RIGHT][    ]
[324][1677][0][ 2]  [    ][    ][    ][  ][RIGHT][    ]
[325][1683][0][34]  [FIRE][    ][    ][  ][RIGHT][    ]
[326][1689][0][ 2]  [    ][    ][    ][  ][RIGHT][    ]
[327][1693][0][ 3]  [    ][    ][    ][  ][RIGHT][LEFT]
[328][1694][0][ 1]  [    ][    ][    ][  ][     ][LEFT]
[329][1696][0][17]  [    ][JUMP][    ][  ][     ][LEFT]
[330][1710][0][49]  [FIRE][JUMP][    ][  ][     ][LEFT]
[331][1711][0][33]  [FIRE][    ][    ][  ][     ][LEFT]
[332][1713][0][ 1]  [    ][    ][    ][  ][     ][LEFT]
[333][1717][0][33]  [FIRE][    ][    ][  ][     ][LEFT]
[334][1721][0][ 1]  [    ][    ][    ][  ][     ][LEFT]
[335][1731][0][17]  [    ][JUMP][    ][  ][     ][LEFT]
[336][1747][0][49]  [FIRE][JUMP][    ][  ][     ][LEFT]
[337][1748][0][33]  [FIRE][    ][    ][  ][     ][LEFT]
[338][1750][0][ 1]  [    ][    ][    ][  ][     ][LEFT]
[339][1754][0][33]  [FIRE][    ][    ][  ][     ][LEFT]
[340][1758][0][ 1]  [    ][    ][    ][  ][     ][LEFT]
[341][1768][0][17]  [    ][JUMP][    ][  ][     ][LEFT]
[342][1796][0][49]  [FIRE][JUMP][    ][  ][     ][LEFT]
[343][1797][0][33]  [FIRE][    ][    ][  ][     ][LEFT]
[344][1801][0][ 1]  [    ][    ][    ][  ][     ][LEFT]
[345][1804][0][33]  [FIRE][    ][    ][  ][     ][LEFT]
[346][1809][0][ 1]  [    ][    ][    ][  ][     ][LEFT]
[347][1810][0][ 3]  [    ][    ][    ][  ][RIGHT][LEFT]
[348][1811][0][ 2]  [    ][    ][    ][  ][RIGHT][    ]
[349][1827][0][18]  [    ][JUMP][    ][  ][RIGHT][    ]
[350][1841][0][34]  [FIRE][    ][    ][  ][RIGHT][    ]
[351][1845][0][ 2]  [    ][    ][    ][  ][RIGHT][    ]
[352][1849][0][34]  [FIRE][    ][    ][  ][RIGHT][    ]
[353][1852][0][ 2]  [    ][    ][    ][  ][RIGHT][    ]
[354][1856][0][34]  [FIRE][    ][    ][  ][RIGHT][    ]
[355][1859][0][ 2]  [    ][    ][    ][  ][RIGHT][    ]
[356][1882][0][18]  [    ][JUMP][    ][  ][RIGHT][    ]
[357][1910][0][17]  [    ][JUMP][    ][  ][     ][LEFT]
[358][1911][0][ 1]  [    ][    ][    ][  ][     ][LEFT]
[359][1916][0][32]  [FIRE][    ][    ][  ][     ][    ]
[360][1918][0][ 0]  [    ][    ][    ][  ][     ][    ]
[361][1923][0][32]  [FIRE][    ][    ][  ][     ][    ]
[362][1925][0][ 0]  [    ][    ][    ][  ][     ][    ]
[363][1930][0][32]  [FIRE][    ][    ][  ][     ][    ]
[364][1933][0][ 0]  [    ][    ][    ][  ][     ][    ]
[365][1934][0][ 1]  [    ][    ][    ][  ][     ][LEFT]
[366][1940][0][17]  [    ][JUMP][    ][  ][     ][LEFT]
[367][1964][0][ 1]  [    ][    ][    ][  ][     ][LEFT]
[368][1966][0][ 0]  [    ][    ][    ][  ][     ][    ]
[369][1971][0][ 2]  [    ][    ][    ][  ][RIGHT][    ]
[370][1980][0][ 0]  [    ][    ][    ][  ][     ][    ]
[371][1994][0][ 1]  [    ][    ][    ][  ][     ][LEFT]
[372][2015][0][ 0]  [    ][    ][    ][  ][     ][    ]
[373][2026][0][ 1]  [    ][    ][    ][  ][     ][LEFT]
[374][2027][0][17]  [    ][JUMP][    ][  ][     ][LEFT]
[375][2029][0][16]  [    ][JUMP][    ][  ][     ][    ]
[376][2041][0][17]  [    ][JUMP][    ][  ][     ][LEFT]
[377][2042][0][33]  [FIRE][    ][    ][  ][     ][LEFT]
[378][2043][0][32]  [FIRE][    ][    ][  ][     ][    ]
[379][2045][0][ 4]  [    ][    ][    ][UP][     ][    ]
[380][2049][0][36]  [FIRE][    ][    ][UP][     ][    ]
[381][2052][0][ 4]  [    ][    ][    ][UP][     ][    ]
[382][2055][0][ 5]  [    ][    ][    ][UP][     ][LEFT]
[383][2057][0][37]  [FIRE][    ][    ][UP][     ][LEFT]
[384][2059][0][ 5]  [    ][    ][    ][UP][     ][LEFT]
[385][2065][0][36]  [FIRE][    ][    ][UP][     ][    ]
[386][2066][0][ 4]  [    ][    ][    ][UP][     ][    ]
[387][2071][0][36]  [FIRE][    ][    ][UP][     ][    ]
[388][2073][0][ 4]  [    ][    ][    ][UP][     ][    ]
[389][2077][0][36]  [FIRE][    ][    ][UP][     ][    ]
[390][2079][0][ 4]  [    ][    ][    ][UP][     ][    ]
[391][2084][0][36]  [FIRE][    ][    ][UP][     ][    ]
[392][2085][0][37]  [FIRE][    ][    ][UP][     ][LEFT]
[393][2087][0][ 5]  [    ][    ][    ][UP][     ][LEFT]
[394][2090][0][ 4]  [    ][    ][    ][UP][     ][    ]
[395][2091][0][36]  [FIRE][    ][    ][UP][     ][    ]
[396][2093][0][ 4]  [    ][    ][    ][UP][     ][    ]
[397][2097][0][36]  [FIRE][    ][    ][UP][     ][    ]
[398][2100][0][ 4]  [    ][    ][    ][UP][     ][    ]
[399][2102][0][ 5]  [    ][    ][    ][UP][     ][LEFT]
[400][2104][0][ 1]  [    ][    ][    ][  ][     ][LEFT]
[401][2105][0][33]  [FIRE][    ][    ][  ][     ][LEFT]
[402][2106][0][37]  [FIRE][    ][    ][UP][     ][LEFT]
[403][2107][0][ 4]  [    ][    ][    ][UP][     ][    ]
[404][2111][0][36]  [FIRE][    ][    ][UP][     ][    ]
[405][2114][0][ 4]  [    ][    ][    ][UP][     ][    ]
[406][2119][0][38]  [FIRE][    ][    ][UP][RIGHT][    ]
[407][2122][0][ 6]  [    ][    ][    ][UP][RIGHT][    ]
[408][2126][0][38]  [FIRE][    ][    ][UP][RIGHT][    ]
[409][2127][0][36]  [FIRE][    ][    ][UP][     ][    ]
[410][2128][0][ 4]  [    ][    ][    ][UP][     ][    ]
[411][2132][0][36]  [FIRE][    ][    ][UP][     ][    ]
[412][2134][0][37]  [FIRE][    ][    ][UP][     ][LEFT]
[413][2136][0][ 5]  [    ][    ][    ][UP][     ][LEFT]
[414][2137][0][ 4]  [    ][    ][    ][UP][     ][    ]
[415][2139][0][36]  [FIRE][    ][    ][UP][     ][    ]
[416][2142][0][ 4]  [    ][    ][    ][UP][     ][    ]
[417][2147][0][32]  [FIRE][    ][    ][  ][     ][    ]
[418][2149][0][ 0]  [    ][    ][    ][  ][     ][    ]
[419][2153][0][32]  [FIRE][    ][    ][  ][     ][    ]
[420][2155][0][34]  [FIRE][    ][    ][  ][RIGHT][    ]
[421][2156][0][ 2]  [    ][    ][    ][  ][RIGHT][    ]
[422][2158][0][ 0]  [    ][    ][    ][  ][     ][    ]
[423][2160][0][32]  [FIRE][    ][    ][  ][     ][    ]
[424][2163][0][ 0]  [    ][    ][    ][  ][     ][    ]
[425][2167][0][32]  [FIRE][    ][    ][  ][     ][    ]
[426][2169][0][ 0]  [    ][    ][    ][  ][     ][    ]
[427][2174][0][32]  [FIRE][    ][    ][  ][     ][    ]
[428][2177][0][ 0]  [    ][    ][    ][  ][     ][    ]
[429][2181][0][32]  [FIRE][    ][    ][  ][     ][    ]
[430][2183][0][ 0]  [    ][    ][    ][  ][     ][    ]
[431][2188][0][32]  [FIRE][    ][    ][  ][     ][    ]
[432][2191][0][ 0]  [    ][    ][    ][  ][     ][    ]
[433][2195][0][32]  [FIRE][    ][    ][  ][     ][    ]
[434][2198][0][ 0]  [    ][    ][    ][  ][     ][    ]
[435][2203][0][32]  [FIRE][    ][    ][  ][     ][    ]
[436][2205][0][ 0]  [    ][    ][    ][  ][     ][    ]
[437][2209][0][32]  [FIRE][    ][    ][  ][     ][    ]
[438][2212][0][ 0]  [    ][    ][    ][  ][     ][    ]
[439][2216][0][32]  [FIRE][    ][    ][  ][     ][    ]
[440][2217][0][33]  [FIRE][    ][    ][  ][     ][LEFT]
[441][2220][0][ 1]  [    ][    ][    ][  ][     ][LEFT]
[442][2224][0][33]  [FIRE][    ][    ][  ][     ][LEFT]
[443][2226][0][32]  [FIRE][    ][    ][  ][     ][    ]
[444][2227][0][ 0]  [    ][    ][    ][  ][     ][    ]
[445][2231][0][32]  [FIRE][    ][    ][  ][     ][    ]
[446][2234][0][ 2]  [    ][    ][    ][  ][RIGHT][    ]
[447][2235][0][ 6]  [    ][    ][    ][UP][RIGHT][    ]
[448][2239][0][38]  [FIRE][    ][    ][UP][RIGHT][    ]
[449][2240][0][36]  [FIRE][    ][    ][UP][     ][    ]
[450][2241][0][ 4]  [    ][    ][    ][UP][     ][    ]
[451][2246][0][36]  [FIRE][    ][    ][UP][     ][    ]
[452][2249][0][ 4]  [    ][    ][    ][UP][     ][    ]
[453][2253][0][36]  [FIRE][    ][    ][UP][     ][    ]
[454][2255][0][ 0]  [    ][    ][    ][  ][     ][    ]
[455][2256][0][ 1]  [    ][    ][    ][  ][     ][LEFT]
[456][2258][0][ 0]  [    ][    ][    ][  ][     ][    ]
[457][2260][0][32]  [FIRE][    ][    ][  ][     ][    ]
[458][2263][0][ 0]  [    ][    ][    ][  ][     ][    ]
[459][2267][0][32]  [FIRE][    ][    ][  ][     ][    ]
[460][2271][0][ 0]  [    ][    ][    ][  ][     ][    ]
[461][2275][0][32]  [FIRE][    ][    ][  ][     ][    ]
[462][2278][0][ 0]  [    ][    ][    ][  ][     ][    ]
[463][2283][0][32]  [FIRE][    ][    ][  ][     ][    ]
[464][2285][0][ 0]  [    ][    ][    ][  ][     ][    ]
[465][2290][0][32]  [FIRE][    ][    ][  ][     ][    ]
[466][2292][0][ 0]  [    ][    ][    ][  ][     ][    ]
[467][2297][0][32]  [FIRE][    ][    ][  ][     ][    ]
[468][2300][0][ 0]  [    ][    ][    ][  ][     ][    ]
[469][2304][0][32]  [FIRE][    ][    ][  ][     ][    ]
[470][2307][0][ 0]  [    ][    ][    ][  ][     ][    ]
[471][2311][0][32]  [FIRE][    ][    ][  ][     ][    ]
[472][2314][0][ 0]  [    ][    ][    ][  ][     ][    ]
[473][2318][0][32]  [FIRE][    ][    ][  ][     ][    ]
[474][2321][0][ 0]  [    ][    ][    ][  ][     ][    ]
[475][2326][0][32]  [FIRE][    ][    ][  ][     ][    ]
[476][2328][0][ 0]  [    ][    ][    ][  ][     ][    ]
[477][2333][0][32]  [FIRE][    ][    ][  ][     ][    ]
[478][2335][0][ 0]  [    ][    ][    ][  ][     ][    ]
[479][2340][0][32]  [FIRE][    ][    ][  ][     ][    ]
[480][2343][0][ 0]  [    ][    ][    ][  ][     ][    ]
[481][2347][0][32]  [FIRE][    ][    ][  ][     ][    ]
[482][2350][0][ 0]  [    ][    ][    ][  ][     ][    ]
[483][2355][0][32]  [FIRE][    ][    ][  ][     ][    ]
[484][2357][0][ 0]  [    ][    ][    ][  ][     ][    ]
[485][2362][0][32]  [FIRE][    ][    ][  ][     ][    ]
[486][2365][0][ 0]  [    ][    ][    ][  ][     ][    ]
[487][2369][0][32]  [FIRE][    ][    ][  ][     ][    ]
[488][2373][0][ 0]  [    ][    ][    ][  ][     ][    ]
[489][2377][0][32]  [FIRE][    ][    ][  ][     ][    ]
[490][2380][0][ 0]  [    ][    ][    ][  ][     ][    ]
[491][2385][0][32]  [FIRE][    ][    ][  ][     ][    ]
[492][2387][0][ 0]  [    ][    ][    ][  ][     ][    ]
[493][2391][0][32]  [FIRE][    ][    ][  ][     ][    ]
[494][2395][0][ 0]  [    ][    ][    ][  ][     ][    ]
[495][2399][0][32]  [FIRE][    ][    ][  ][     ][    ]
[496][2402][0][ 0]  [    ][    ][    ][  ][     ][    ]
[497][2407][0][32]  [FIRE][    ][    ][  ][     ][    ]
[498][2409][0][40]  [FIRE][    ][DOWN][  ][     ][    ]
[499][2410][0][ 8]  [    ][    ][DOWN][  ][     ][    ]
[500][2415][0][40]  [FIRE][    ][DOWN][  ][     ][    ]
[501][2417][0][ 8]  [    ][    ][DOWN][  ][     ][    ]
[502][2422][0][40]  [FIRE][    ][DOWN][  ][     ][    ]
[503][2425][0][ 8]  [    ][    ][DOWN][  ][     ][    ]
[504][2429][0][40]  [FIRE][    ][DOWN][  ][     ][    ]
[505][2431][0][ 8]  [    ][    ][DOWN][  ][     ][    ]
[506][2433][0][10]  [    ][    ][DOWN][  ][RIGHT][    ]
[507][2436][0][42]  [FIRE][    ][DOWN][  ][RIGHT][    ]
[508][2438][0][40]  [FIRE][    ][DOWN][  ][     ][    ]
[509][2439][0][ 0]  [    ][    ][    ][  ][     ][    ]
[510][2443][0][32]  [FIRE][    ][    ][  ][     ][    ]
[511][2446][0][ 4]  [    ][    ][    ][UP][     ][    ]
[512][2451][0][36]  [FIRE][    ][    ][UP][     ][    ]
[513][2453][0][ 4]  [    ][    ][    ][UP][     ][    ]
[514][2454][0][ 6]  [    ][    ][    ][UP][RIGHT][    ]
[515][2456][0][ 4]  [    ][    ][    ][UP][     ][    ]
[516][2458][0][36]  [FIRE][    ][    ][UP][     ][    ]
[517][2461][0][ 4]  [    ][    ][    ][UP][     ][    ]
[518][2465][0][36]  [FIRE][    ][    ][UP][     ][    ]
[519][2467][0][38]  [FIRE][    ][    ][UP][RIGHT][    ]
[520][2468][0][ 6]  [    ][    ][    ][UP][RIGHT][    ]
[521][2473][0][36]  [FIRE][    ][    ][UP][     ][    ]
[522][2475][0][ 5]  [    ][    ][    ][UP][     ][LEFT]
[523][2481][0][37]  [FIRE][    ][    ][UP][     ][LEFT]
[524][2483][0][ 4]  [    ][    ][    ][UP][     ][    ]
[525][2487][0][32]  [FIRE][    ][    ][  ][     ][    ]
[526][2489][0][ 0]  [    ][    ][    ][  ][     ][    ]
[527][2494][0][32]  [FIRE][    ][    ][  ][     ][    ]
[528][2497][0][ 0]  [    ][    ][    ][  ][     ][    ]
[529][2502][0][32]  [FIRE][    ][    ][  ][     ][    ]
[530][2505][0][ 0]  [    ][    ][    ][  ][     ][    ]
[531][2507][0][ 4]  [    ][    ][    ][UP][     ][    ]
[532][2510][0][38]  [FIRE][    ][    ][UP][RIGHT][    ]
[533][2513][0][ 6]  [    ][    ][    ][UP][RIGHT][    ]
[534][2516][0][ 4]  [    ][    ][    ][UP][     ][    ]
[535][2518][0][36]  [FIRE][    ][    ][UP][     ][    ]
[536][2521][0][ 4]  [    ][    ][    ][UP][     ][    ]
[537][2525][0][ 6]  [    ][    ][    ][UP][RIGHT][    ]
[538][2526][0][38]  [FIRE][    ][    ][UP][RIGHT][    ]
[539][2527][0][36]  [FIRE][    ][    ][UP][     ][    ]
[540][2529][0][ 4]  [    ][    ][    ][UP][     ][    ]
[541][2531][0][ 5]  [    ][    ][    ][UP][     ][LEFT]
[542][2534][0][36]  [FIRE][    ][    ][UP][     ][    ]
[543][2536][0][ 4]  [    ][    ][    ][UP][     ][    ]
[544][2539][0][ 5]  [    ][    ][    ][UP][     ][LEFT]
[545][2541][0][37]  [FIRE][    ][    ][UP][     ][LEFT]
[546][2543][0][36]  [FIRE][    ][    ][UP][     ][    ]
[547][2544][0][ 4]  [    ][    ][    ][UP][     ][    ]
[548][2549][0][36]  [FIRE][    ][    ][UP][     ][    ]
[549][2551][0][ 0]  [    ][    ][    ][  ][     ][    ]
[550][2737][0][32]  [FIRE][    ][    ][  ][     ][    ]
[551][2742][0][ 0]  [    ][    ][    ][  ][     ][    ]
[552][2745][0][32]  [FIRE][    ][    ][  ][     ][    ]
[553][2748][0][ 0]  [    ][    ][    ][  ][     ][    ]
[554][2752][0][32]  [FIRE][    ][    ][  ][     ][    ]
[555][2756][0][ 0]  [    ][    ][    ][  ][     ][    ]
[556][2771][0][32]  [FIRE][    ][    ][  ][     ][    ]
[557][2775][0][ 0]  [    ][    ][    ][  ][     ][    ]
[558][2778][0][32]  [FIRE][    ][    ][  ][     ][    ]
[559][2782][0][48]  [FIRE][JUMP][    ][  ][     ][    ]
[560][2784][0][16]  [    ][JUMP][    ][  ][     ][    ]
[561][2788][0][18]  [    ][JUMP][    ][  ][RIGHT][    ]
[562][2791][0][50]  [FIRE][JUMP][    ][  ][RIGHT][    ]
[563][2792][0][48]  [FIRE][JUMP][    ][  ][     ][    ]
[564][2793][0][32]  [FIRE][    ][    ][  ][     ][    ]
[565][2794][0][ 0]  [    ][    ][    ][  ][     ][    ]
[566][2797][0][ 2]  [    ][    ][    ][  ][RIGHT][    ]
[567][2804][0][18]  [    ][JUMP][    ][  ][RIGHT][    ]
[568][2845][0][ 2]  [    ][    ][    ][  ][RIGHT][    ]
[569][2855][0][18]  [    ][JUMP][    ][  ][RIGHT][    ]
[570][2881][0][ 2]  [    ][    ][    ][  ][RIGHT][    ]
[571][2891][0][18]  [    ][JUMP][    ][  ][RIGHT][    ]
[572][2931][0][34]  [FIRE][    ][    ][  ][RIGHT][    ]
[573][2935][0][ 2]  [    ][    ][    ][  ][RIGHT][    ]
[574][2939][0][34]  [FIRE][    ][    ][  ][RIGHT][    ]
[575][2942][0][ 2]  [    ][    ][    ][  ][RIGHT][    ]
[576][2946][0][18]  [    ][JUMP][    ][  ][RIGHT][    ]
[577][2947][0][50]  [FIRE][JUMP][    ][  ][RIGHT][    ]
[578][2950][0][18]  [    ][JUMP][    ][  ][RIGHT][    ]
[579][2962][0][ 2]  [    ][    ][    ][  ][RIGHT][    ]
[580][2996][0][18]  [    ][JUMP][    ][  ][RIGHT][    ]
[581][3011][0][50]  [FIRE][JUMP][    ][  ][RIGHT][    ]
[582][3012][0][34]  [FIRE][    ][    ][  ][RIGHT][    ]
[583][3014][0][ 2]  [    ][    ][    ][  ][RIGHT][    ]
[584][3018][0][34]  [FIRE][    ][    ][  ][RIGHT][    ]
[585][3022][0][ 2]  [    ][    ][    ][  ][RIGHT][    ]
[586][3042][0][18]  [    ][JUMP][    ][  ][RIGHT][    ]
[587][3048][0][ 2]  [    ][    ][    ][  ][RIGHT][    ]
[588][3059][0][34]  [FIRE][    ][    ][  ][RIGHT][    ]
[589][3063][0][ 2]  [    ][    ][    ][  ][RIGHT][    ]
[590][3067][0][34]  [FIRE][    ][    ][  ][RIGHT][    ]
[591][3070][0][ 2]  [    ][    ][    ][  ][RIGHT][    ]
[592][3075][0][34]  [FIRE][    ][    ][  ][RIGHT][    ]
[593][3080][0][ 2]  [    ][    ][    ][  ][RIGHT][    ]
[594][3087][0][18]  [    ][JUMP][    ][  ][RIGHT][    ]
[595][3104][0][ 2]  [    ][    ][    ][  ][RIGHT][    ]
[596][3157][0][ 0]  [    ][    ][    ][  ][     ][    ]
[597][3169][0][ 1]  [    ][    ][    ][  ][     ][LEFT]
[598][3175][0][33]  [FIRE][    ][    ][  ][     ][LEFT]
[599][3178][0][ 1]  [    ][    ][    ][  ][     ][LEFT]
[600][3182][0][33]  [FIRE][    ][    ][  ][     ][LEFT]
[601][3185][0][ 1]  [    ][    ][    ][  ][     ][LEFT]
[602][3189][0][33]  [FIRE][    ][    ][  ][     ][LEFT]
[603][3191][0][ 1]  [    ][    ][    ][  ][     ][LEFT]
[604][3195][0][33]  [FIRE][    ][    ][  ][     ][LEFT]
[605][3197][0][ 1]  [    ][    ][    ][  ][     ][LEFT]
[606][3201][0][33]  [FIRE][    ][    ][  ][     ][LEFT]
[607][3203][0][ 1]  [    ][    ][    ][  ][     ][LEFT]
[608][3207][0][33]  [FIRE][    ][    ][  ][     ][LEFT]
[609][3210][0][ 1]  [    ][    ][    ][  ][     ][LEFT]
[610][3214][0][33]  [FIRE][    ][    ][  ][     ][LEFT]
[611][3217][0][ 1]  [    ][    ][    ][  ][     ][LEFT]
[612][3221][0][33]  [FIRE][    ][    ][  ][     ][LEFT]
[613][3224][0][ 1]  [    ][    ][    ][  ][     ][LEFT]
[614][3228][0][33]  [FIRE][    ][    ][  ][     ][LEFT]
[615][3231][0][ 1]  [    ][    ][    ][  ][     ][LEFT]
[616][3236][0][33]  [FIRE][    ][    ][  ][     ][LEFT]
[617][3238][0][ 1]  [    ][    ][    ][  ][     ][LEFT]
[618][3242][0][33]  [FIRE][    ][    ][  ][     ][LEFT]
[619][3244][0][ 1]  [    ][    ][    ][  ][     ][LEFT]
[620][3248][0][33]  [FIRE][    ][    ][  ][     ][LEFT]
[621][3251][0][ 1]  [    ][    ][    ][  ][     ][LEFT]
[622][3256][0][33]  [FIRE][    ][    ][  ][     ][LEFT]
[623][3261][0][49]  [FIRE][JUMP][    ][  ][     ][LEFT]
[624][3263][0][17]  [    ][JUMP][    ][  ][     ][LEFT]
[625][3281][0][ 1]  [    ][    ][    ][  ][     ][LEFT]
[626][3301][0][17]  [    ][JUMP][    ][  ][     ][LEFT]
[627][3310][0][ 1]  [    ][    ][    ][  ][     ][LEFT]
[628][3332][0][ 0]  [    ][    ][    ][  ][     ][    ]
[629][3341][0][16]  [    ][JUMP][    ][  ][     ][    ]
[630][3375][0][ 0]  [    ][    ][    ][  ][     ][    ]
[631][3403][0][32]  [FIRE][    ][    ][  ][     ][    ]
[632][3467][0][ 0]  [    ][    ][    ][  ][     ][    ]
[633][3478][0][16]  [    ][JUMP][    ][  ][     ][    ]
[634][3486][0][17]  [    ][JUMP][    ][  ][     ][LEFT]
[635][3499][0][ 1]  [    ][    ][    ][  ][     ][LEFT]
[636][3507][0][17]  [    ][JUMP][    ][  ][     ][LEFT]
[637][3534][0][ 1]  [    ][    ][    ][  ][     ][LEFT]
[638][3537][0][ 0]  [    ][    ][    ][  ][     ][    ]
[639][3546][0][ 2]  [    ][    ][    ][  ][RIGHT][    ]
[640][3559][0][18]  [    ][JUMP][    ][  ][RIGHT][    ]
[641][3580][0][ 2]  [    ][    ][    ][  ][RIGHT][    ]
[642][3600][0][ 0]  [    ][    ][    ][  ][     ][    ]
[643][3604][0][ 1]  [    ][    ][    ][  ][     ][LEFT]
[644][3608][0][ 0]  [    ][    ][    ][  ][     ][    ]
[645][3617][0][16]  [    ][JUMP][    ][  ][     ][    ]
[646][3623][0][ 0]  [    ][    ][    ][  ][     ][    ]
[647][3629][0][32]  [FIRE][    ][    ][  ][     ][    ]
[648][3655][0][48]  [FIRE][JUMP][    ][  ][     ][    ]
[649][3667][0][16]  [    ][JUMP][    ][  ][     ][    ]
[650][3673][0][ 0]  [    ][    ][    ][  ][     ][    ]
[651][3678][0][16]  [    ][JUMP][    ][  ][     ][    ]
[652][3713][0][ 0]  [    ][    ][    ][  ][     ][    ]
[653][3714][0][32]  [FIRE][    ][    ][  ][     ][    ]
[654][3716][0][36]  [FIRE][    ][    ][UP][     ][    ]
[655][3719][0][ 4]  [    ][    ][    ][UP][     ][    ]
[656][3722][0][36]  [FIRE][    ][    ][UP][     ][    ]
[657][3725][0][ 4]  [    ][    ][    ][UP][     ][    ]
[658][3729][0][36]  [FIRE][    ][    ][UP][     ][    ]
[659][3731][0][ 4]  [    ][    ][    ][UP][     ][    ]
[660][3735][0][36]  [FIRE][    ][    ][UP][     ][    ]
[661][3737][0][ 4]  [    ][    ][    ][UP][     ][    ]
[662][3741][0][36]  [FIRE][    ][    ][UP][     ][    ]
[663][3743][0][ 4]  [    ][    ][    ][UP][     ][    ]
[664][3747][0][36]  [FIRE][    ][    ][UP][     ][    ]
[665][3749][0][ 4]  [    ][    ][    ][UP][     ][    ]
[666][3753][0][36]  [FIRE][    ][    ][UP][     ][    ]
[667][3755][0][ 4]  [    ][    ][    ][UP][     ][    ]
[668][3759][0][36]  [FIRE][    ][    ][UP][     ][    ]
[669][3761][0][ 4]  [    ][    ][    ][UP][     ][    ]
[670][3765][0][36]  [FIRE][    ][    ][UP][     ][    ]
[671][3767][0][ 4]  [    ][    ][    ][UP][     ][    ]
[672][3772][0][36]  [FIRE][    ][    ][UP][     ][    ]
[673][3775][0][ 4]  [    ][    ][    ][UP][     ][    ]
[674][3781][0][20]  [    ][JUMP][    ][UP][     ][    ]
[675][3783][0][16]  [    ][JUMP][    ][  ][     ][    ]
[676][3791][0][ 0]  [    ][    ][    ][  ][     ][    ]
[677][3796][0][ 4]  [    ][    ][    ][UP][     ][    ]
[678][3804][0][36]  [FIRE][    ][    ][UP][     ][    ]
[679][3807][0][ 4]  [    ][    ][    ][UP][     ][    ]
[680][3811][0][36]  [FIRE][    ][    ][UP][     ][    ]
[681][3814][0][ 4]  [    ][    ][    ][UP][     ][    ]
[682][3818][0][36]  [FIRE][    ][    ][UP][     ][    ]
[683][3821][0][ 4]  [    ][    ][    ][UP][     ][    ]
[684][3827][0][36]  [FIRE][    ][    ][UP][     ][    ]
[685][3829][0][ 4]  [    ][    ][    ][UP][     ][    ]
[686][3838][0][ 0]  [    ][    ][    ][  ][     ][    ]
[687][3879][0][ 2]  [    ][    ][    ][  ][RIGHT][    ]
[688][3881][0][ 6]  [    ][    ][    ][UP][RIGHT][    ]
[689][3882][0][ 0]  [    ][    ][    ][  ][     ][    ]
[690][3886][0][ 4]  [    ][    ][    ][UP][     ][    ]
[691][3893][0][36]  [FIRE][    ][    ][UP][     ][    ]
[692][3895][0][ 4]  [    ][    ][    ][UP][     ][    ]
[693][3900][0][36]  [FIRE][    ][    ][UP][     ][    ]
[694][3902][0][ 4]  [    ][    ][    ][UP][     ][    ]
[695][3907][0][36]  [FIRE][    ][    ][UP][     ][    ]
[696][3909][0][ 4]  [    ][    ][    ][UP][     ][    ]
[697][3913][0][36]  [FIRE][    ][    ][UP][     ][    ]
[698][3915][0][ 4]  [    ][    ][    ][UP][     ][    ]
[699][3919][0][36]  [FIRE][    ][    ][UP][     ][    ]
[700][3921][0][ 4]  [    ][    ][    ][UP][     ][    ]
[701][3925][0][36]  [FIRE][    ][    ][UP][     ][    ]
[702][3927][0][ 4]  [    ][    ][    ][UP][     ][    ]
[703][3931][0][36]  [FIRE][    ][    ][UP][     ][    ]
[704][3934][0][ 4]  [    ][    ][    ][UP][     ][    ]
[705][3938][0][36]  [FIRE][    ][    ][UP][     ][    ]
[706][3940][0][ 4]  [    ][    ][    ][UP][     ][    ]
[707][3944][0][36]  [FIRE][    ][    ][UP][     ][    ]
[708][3947][0][ 4]  [    ][    ][    ][UP][     ][    ]
[709][3951][0][36]  [FIRE][    ][    ][UP][     ][    ]
[710][3953][0][ 4]  [    ][    ][    ][UP][     ][    ]
[711][3958][0][36]  [FIRE][    ][    ][UP][     ][    ]
[712][3960][0][ 4]  [    ][    ][    ][UP][     ][    ]
[713][3965][0][36]  [FIRE][    ][    ][UP][     ][    ]
[714][3967][0][ 4]  [    ][    ][    ][UP][     ][    ]
[715][3971][0][36]  [FIRE][    ][    ][UP][     ][    ]
[716][3974][0][ 4]  [    ][    ][    ][UP][     ][    ]
[717][3978][0][36]  [FIRE][    ][    ][UP][     ][    ]
[718][3980][0][ 4]  [    ][    ][    ][UP][     ][    ]
[719][3985][0][36]  [FIRE][    ][    ][UP][     ][    ]
[720][3987][0][ 4]  [    ][    ][    ][UP][     ][    ]
[721][3991][0][36]  [FIRE][    ][    ][UP][     ][    ]
[722][3994][0][ 4]  [    ][    ][    ][UP][     ][    ]
[723][3998][0][36]  [FIRE][    ][    ][UP][     ][    ]
[724][4001][0][ 4]  [    ][    ][    ][UP][     ][    ]
[725][4005][0][36]  [FIRE][    ][    ][UP][     ][    ]
[726][4007][0][ 4]  [    ][    ][    ][UP][     ][    ]
[727][4012][0][36]  [FIRE][    ][    ][UP][     ][    ]
[728][4014][0][ 4]  [    ][    ][    ][UP][     ][    ]
[729][4019][0][36]  [FIRE][    ][    ][UP][     ][    ]
[730][4021][0][ 4]  [    ][    ][    ][UP][     ][    ]
[731][4026][0][36]  [FIRE][    ][    ][UP][     ][    ]
[732][4029][0][ 4]  [    ][    ][    ][UP][     ][    ]
[733][4033][0][36]  [FIRE][    ][    ][UP][     ][    ]
[734][4035][0][ 4]  [    ][    ][    ][UP][     ][    ]
[735][4040][0][36]  [FIRE][    ][    ][UP][     ][    ]
[736][4043][0][ 4]  [    ][    ][    ][UP][     ][    ]
[737][4047][0][36]  [FIRE][    ][    ][UP][     ][    ]
[738][4049][0][ 4]  [    ][    ][    ][UP][     ][    ]
[739][4054][0][36]  [FIRE][    ][    ][UP][     ][    ]
[740][4057][0][ 4]  [    ][    ][    ][UP][     ][    ]
[741][4061][0][36]  [FIRE][    ][    ][UP][     ][    ]
[742][4064][0][ 4]  [    ][    ][    ][UP][     ][    ]
[743][4068][0][36]  [FIRE][    ][    ][UP][     ][    ]
[744][4071][0][ 4]  [    ][    ][    ][UP][     ][    ]
[745][4075][0][36]  [FIRE][    ][    ][UP][     ][    ]
[746][4078][0][ 4]  [    ][    ][    ][UP][     ][    ]
[747][4083][0][36]  [FIRE][    ][    ][UP][     ][    ]
[748][4086][0][ 4]  [    ][    ][    ][UP][     ][    ]
[749][4091][0][16]  [    ][JUMP][    ][  ][     ][    ]
[750][4101][0][ 0]  [    ][    ][    ][  ][     ][    ]
[751][4107][0][16]  [    ][JUMP][    ][  ][     ][    ]
[752][4164][0][ 0]  [    ][    ][    ][  ][     ][    ]
[753][4199][0][ 1]  [    ][    ][    ][  ][     ][LEFT]
[754][4224][0][17]  [    ][JUMP][    ][  ][     ][LEFT]
[755][4234][0][ 1]  [    ][    ][    ][  ][     ][LEFT]
[756][4262][0][ 0]  [    ][    ][    ][  ][     ][    ]
[757][4263][0][ 2]  [    ][    ][    ][  ][RIGHT][    ]
[758][4268][0][18]  [    ][JUMP][    ][  ][RIGHT][    ]
[759][4285][0][ 2]  [    ][    ][    ][  ][RIGHT][    ]
[760][4306][0][ 0]  [    ][    ][    ][  ][     ][    ]
[761][4309][0][ 1]  [    ][    ][    ][  ][     ][LEFT]
[762][4315][0][ 0]  [    ][    ][    ][  ][     ][    ]
[763][4330][0][16]  [    ][JUMP][    ][  ][     ][    ]
[764][4335][0][ 0]  [    ][    ][    ][  ][     ][    ]
[765][4343][0][16]  [    ][JUMP][    ][  ][     ][    ]
[766][4394][0][ 0]  [    ][    ][    ][  ][     ][    ]
[767][4399][0][ 1]  [    ][    ][    ][  ][     ][LEFT]
[768][4425][0][33]  [FIRE][    ][    ][  ][     ][LEFT]
[769][4429][0][ 1]  [    ][    ][    ][  ][     ][LEFT]
[770][4433][0][33]  [FIRE][    ][    ][  ][     ][LEFT]
[771][4435][0][37]  [FIRE][    ][    ][UP][     ][LEFT]
[772][4436][0][ 5]  [    ][    ][    ][UP][     ][LEFT]
[773][4441][0][37]  [FIRE][    ][    ][UP][     ][LEFT]
[774][4442][0][36]  [FIRE][    ][    ][UP][     ][    ]
[775][4443][0][ 4]  [    ][    ][    ][UP][     ][    ]
[776][4446][0][ 5]  [    ][    ][    ][UP][     ][LEFT]
[777][4447][0][37]  [FIRE][    ][    ][UP][     ][LEFT]
[778][4450][0][ 5]  [    ][    ][    ][UP][     ][LEFT]
[779][4454][0][37]  [FIRE][    ][    ][UP][     ][LEFT]
[780][4455][0][36]  [FIRE][    ][    ][UP][     ][    ]
[781][4457][0][ 4]  [    ][    ][    ][UP][     ][    ]
[782][4461][0][38]  [FIRE][    ][    ][UP][RIGHT][    ]
[783][4464][0][ 6]  [    ][    ][    ][UP][RIGHT][    ]
[784][4469][0][38]  [FIRE][    ][    ][UP][RIGHT][    ]
[785][4471][0][ 6]  [    ][    ][    ][UP][RIGHT][    ]
[786][4475][0][38]  [FIRE][    ][    ][UP][RIGHT][    ]
[787][4479][0][ 6]  [    ][    ][    ][UP][RIGHT][    ]
[788][4483][0][54]  [FIRE][JUMP][    ][UP][RIGHT][    ]
[789][4487][0][22]  [    ][JUMP][    ][UP][RIGHT][    ]
[790][4494][0][54]  [FIRE][JUMP][    ][UP][RIGHT][    ]
[791][4495][0][34]  [FIRE][    ][    ][  ][RIGHT][    ]
[792][4497][0][ 2]  [    ][    ][    ][  ][RIGHT][    ]
[793][4508][0][18]  [    ][JUMP][    ][  ][RIGHT][    ]
[794][4527][0][ 2]  [    ][    ][    ][  ][RIGHT][    ]
[795][4551][0][ 0]  [    ][    ][    ][  ][     ][    ]
[796][4552][0][ 1]  [    ][    ][    ][  ][     ][LEFT]
[797][4557][0][ 0]  [    ][    ][    ][  ][     ][    ]
[798][4581][0][16]  [    ][JUMP][    ][  ][     ][    ]
[799][4585][0][18]  [    ][JUMP][    ][  ][RIGHT][    ]
[800][4587][0][ 2]  [    ][    ][    ][  ][RIGHT][    ]
[801][4588][0][ 0]  [    ][    ][    ][  ][     ][    ]
[802][4596][0][16]  [    ][JUMP][    ][  ][     ][    ]
[803][4645][0][ 0]  [    ][    ][    ][  ][     ][    ]
[804][4651][0][ 1]  [    ][    ][    ][  ][     ][LEFT]
[805][4674][0][17]  [    ][JUMP][    ][  ][     ][LEFT]
[806][4681][0][ 1]  [    ][    ][    ][  ][     ][LEFT]
[807][4717][0][ 0]  [    ][    ][    ][  ][     ][    ]
[808][4736][0][ 1]  [    ][    ][    ][  ][     ][LEFT]
[809][4747][0][ 0]  [    ][    ][    ][  ][     ][    ]
[810][4762][0][ 2]  [    ][    ][    ][  ][RIGHT][    ]
[811][4768][0][18]  [    ][JUMP][    ][  ][RIGHT][    ]
[812][4789][0][ 2]  [    ][    ][    ][  ][RIGHT][    ]
[813][4798][0][18]  [    ][JUMP][    ][  ][RIGHT][    ]
[814][4819][0][ 2]  [    ][    ][    ][  ][RIGHT][    ]
[815][4829][0][18]  [    ][JUMP][    ][  ][RIGHT][    ]
[816][4847][0][34]  [FIRE][    ][    ][  ][RIGHT][    ]
[817][4849][0][ 2]  [    ][    ][    ][  ][RIGHT][    ]
[818][4850][0][ 6]  [    ][    ][    ][UP][RIGHT][    ]
[819][4854][0][38]  [FIRE][    ][    ][UP][RIGHT][    ]
[820][4857][0][ 6]  [    ][    ][    ][UP][RIGHT][    ]
[821][4859][0][ 4]  [    ][    ][    ][UP][     ][    ]
[822][4860][0][36]  [FIRE][    ][    ][UP][     ][    ]
[823][4863][0][ 4]  [    ][    ][    ][UP][     ][    ]
[824][4867][0][38]  [FIRE][    ][    ][UP][RIGHT][    ]
[825][4871][0][ 6]  [    ][    ][    ][UP][RIGHT][    ]
[826][4875][0][38]  [FIRE][    ][    ][UP][RIGHT][    ]
[827][4876][0][36]  [FIRE][    ][    ][UP][     ][    ]
[828][4877][0][ 4]  [    ][    ][    ][UP][     ][    ]
[829][4880][0][ 0]  [    ][    ][    ][  ][     ][    ]
[830][4881][0][32]  [FIRE][    ][    ][  ][     ][    ]
[831][4885][0][ 0]  [    ][    ][    ][  ][     ][    ]
[832][4898][0][16]  [    ][JUMP][    ][  ][     ][    ]
[833][4993][0][ 0]  [    ][    ][    ][  ][     ][    ]
[834][5069][0][16]  [    ][JUMP][    ][  ][     ][    ]
[835][5073][0][ 0]  [    ][    ][    ][  ][     ][    ]
[836][5081][0][16]  [    ][JUMP][    ][  ][     ][    ]
[837][5134][0][17]  [    ][JUMP][    ][  ][     ][LEFT]
[838][5135][0][ 1]  [    ][    ][    ][  ][     ][LEFT]
[839][5154][0][ 0]  [    ][    ][    ][  ][     ][    ]
[840][5163][0][ 1]  [    ][    ][    ][  ][     ][LEFT]
[841][5176][0][ 0]  [    ][    ][    ][  ][     ][    ]
[842][5179][0][16]  [    ][JUMP][    ][  ][     ][    ]
[843][5192][0][18]  [    ][JUMP][    ][  ][RIGHT][    ]
[844][5197][0][ 2]  [    ][    ][    ][  ][RIGHT][    ]
[845][5198][0][ 0]  [    ][    ][    ][  ][     ][    ]
[846][5199][0][ 1]  [    ][    ][    ][  ][     ][LEFT]
[847][5207][0][ 0]  [    ][    ][    ][  ][     ][    ]
[848][5208][0][16]  [    ][JUMP][    ][  ][     ][    ]
[849][5219][0][48]  [FIRE][JUMP][    ][  ][     ][    ]
[850][5222][0][32]  [FIRE][    ][    ][  ][     ][    ]
[851][5223][0][33]  [FIRE][    ][    ][  ][     ][LEFT]
[852][5224][0][ 1]  [    ][    ][    ][  ][     ][LEFT]
[853][5228][0][33]  [FIRE][    ][    ][  ][     ][LEFT]
[854][5229][0][32]  [FIRE][    ][    ][  ][     ][    ]
[855][5231][0][ 0]  [    ][    ][    ][  ][     ][    ]
[856][5235][0][32]  [FIRE][    ][    ][  ][     ][    ]
[857][5237][0][ 0]  [    ][    ][    ][  ][     ][    ]
[858][5241][0][32]  [FIRE][    ][    ][  ][     ][    ]
[859][5244][0][ 0]  [    ][    ][    ][  ][     ][    ]
[860][5248][0][32]  [FIRE][    ][    ][  ][     ][    ]
[861][5251][0][ 0]  [    ][    ][    ][  ][     ][    ]
[862][5254][0][32]  [FIRE][    ][    ][  ][     ][    ]
[863][5257][0][ 0]  [    ][    ][    ][  ][     ][    ]
[864][5260][0][32]  [FIRE][    ][    ][  ][     ][    ]
[865][5263][0][ 0]  [    ][    ][    ][  ][     ][    ]
[866][5267][0][32]  [FIRE][    ][    ][  ][     ][    ]
[867][5268][0][33]  [FIRE][    ][    ][  ][     ][LEFT]
[868][5271][0][ 1]  [    ][    ][    ][  ][     ][LEFT]
[869][5274][0][17]  [    ][JUMP][    ][  ][     ][LEFT]
[870][5279][0][16]  [    ][JUMP][    ][  ][     ][    ]
[871][5280][0][18]  [    ][JUMP][    ][  ][RIGHT][    ]
[872][5286][0][16]  [    ][JUMP][    ][  ][     ][    ]
[873][5287][0][ 0]  [    ][    ][    ][  ][     ][    ]
[874][5291][0][ 2]  [    ][    ][    ][  ][RIGHT][    ]
[875][5300][0][ 0]  [    ][    ][    ][  ][     ][    ]
[876][5303][0][16]  [    ][JUMP][    ][  ][     ][    ]
[877][5316][0][18]  [    ][JUMP][    ][  ][RIGHT][    ]
[878][5319][0][ 2]  [    ][    ][    ][  ][RIGHT][    ]
[879][5324][0][ 0]  [    ][    ][    ][  ][     ][    ]
[880][5327][0][32]  [FIRE][    ][    ][  ][     ][    ]
[881][5331][0][34]  [FIRE][    ][    ][  ][RIGHT][    ]
[882][5345][0][32]  [FIRE][    ][    ][  ][     ][    ]
[883][5419][0][33]  [FIRE][    ][    ][  ][     ][LEFT]
[884][5424][0][ 1]  [    ][    ][    ][  ][     ][LEFT]
[885][5425][0][ 0]  [    ][    ][    ][  ][     ][    ]
[886][5467][0][16]  [    ][JUMP][    ][  ][     ][    ]
[887][5502][0][ 0]  [    ][    ][    ][  ][     ][    ]
[888][5531][0][16]  [    ][JUMP][    ][  ][     ][    ]
[889][5537][0][ 0]  [    ][    ][    ][  ][     ][    ]
[890][5543][0][16]  [    ][JUMP][    ][  ][     ][    ]
[891][5579][0][17]  [    ][JUMP][    ][  ][     ][LEFT]
[892][5580][0][ 1]  [    ][    ][    ][  ][     ][LEFT]
[893][5603][0][17]  [    ][JUMP][    ][  ][     ][LEFT]
[894][5605][0][16]  [    ][JUMP][    ][  ][     ][    ]
[895][5625][0][18]  [    ][JUMP][    ][  ][RIGHT][    ]
[896][5630][0][16]  [    ][JUMP][    ][  ][     ][    ]
[897][5634][0][ 0]  [    ][    ][    ][  ][     ][    ]
[898][5635][0][ 2]  [    ][    ][    ][  ][RIGHT][    ]
[899][5662][0][ 0]  [    ][    ][    ][  ][     ][    ]
[900][5663][0][ 1]  [    ][    ][    ][  ][     ][LEFT]
[901][5668][0][ 0]  [    ][    ][    ][  ][     ][    ]
[902][5688][0][16]  [    ][JUMP][    ][  ][     ][    ]
[903][5749][0][ 0]  [    ][    ][    ][  ][     ][    ]
[904][5753][0][ 4]  [    ][    ][    ][UP][     ][    ]
[905][5755][0][36]  [FIRE][    ][    ][UP][     ][    ]
[906][5758][0][ 4]  [    ][    ][    ][UP][     ][    ]
[907][5762][0][36]  [FIRE][    ][    ][UP][     ][    ]
[908][5765][0][ 4]  [    ][    ][    ][UP][     ][    ]
[909][5769][0][36]  [FIRE][    ][    ][UP][     ][    ]
[910][5771][0][ 4]  [    ][    ][    ][UP][     ][    ]
[911][5775][0][36]  [FIRE][    ][    ][UP][     ][    ]
[912][5777][0][ 4]  [    ][    ][    ][UP][     ][    ]
[913][5781][0][36]  [FIRE][    ][    ][UP][     ][    ]
[914][5783][0][ 4]  [    ][    ][    ][UP][     ][    ]
[915][5787][0][36]  [FIRE][    ][    ][UP][     ][    ]
[916][5790][0][ 4]  [    ][    ][    ][UP][     ][    ]
[917][5794][0][36]  [FIRE][    ][    ][UP][     ][    ]
[918][5796][0][ 4]  [    ][    ][    ][UP][     ][    ]
[919][5800][0][36]  [FIRE][    ][    ][UP][     ][    ]
[920][5802][0][ 4]  [    ][    ][    ][UP][     ][    ]
[921][5806][0][36]  [FIRE][    ][    ][UP][     ][    ]
[922][5809][0][ 4]  [    ][    ][    ][UP][     ][    ]
[923][5813][0][36]  [FIRE][    ][    ][UP][     ][    ]
[924][5815][0][ 4]  [    ][    ][    ][UP][     ][    ]
[925][5819][0][ 6]  [    ][    ][    ][UP][RIGHT][    ]
[926][5820][0][38]  [FIRE][    ][    ][UP][RIGHT][    ]
[927][5822][0][ 6]  [    ][    ][    ][UP][RIGHT][    ]
[928][5826][0][ 7]  [    ][    ][    ][UP][RIGHT][LEFT]
[929][5827][0][37]  [FIRE][    ][    ][UP][     ][LEFT]
[930][5829][0][ 5]  [    ][    ][    ][UP][     ][LEFT]
[931][5833][0][37]  [FIRE][    ][    ][UP][     ][LEFT]
[932][5835][0][ 5]  [    ][    ][    ][UP][     ][LEFT]
[933][5836][0][ 6]  [    ][    ][    ][UP][RIGHT][    ]
[934][5839][0][38]  [FIRE][    ][    ][UP][RIGHT][    ]
[935][5841][0][ 6]  [    ][    ][    ][UP][RIGHT][    ]
[936][5845][0][38]  [FIRE][    ][    ][UP][RIGHT][    ]
[937][5847][0][ 4]  [    ][    ][    ][UP][     ][    ]
[938][5851][0][36]  [FIRE][    ][    ][UP][     ][    ]
[939][5853][0][37]  [FIRE][    ][    ][UP][     ][LEFT]
[940][5854][0][ 5]  [    ][    ][    ][UP][     ][LEFT]
[941][5858][0][ 7]  [    ][    ][    ][UP][RIGHT][LEFT]
[942][5859][0][38]  [FIRE][    ][    ][UP][RIGHT][    ]
[943][5861][0][ 6]  [    ][    ][    ][UP][RIGHT][    ]
[944][5865][0][38]  [FIRE][    ][    ][UP][RIGHT][    ]
[945][5866][0][36]  [FIRE][    ][    ][UP][     ][    ]
[946][5867][0][ 4]  [    ][    ][    ][UP][     ][    ]
[947][5868][0][ 5]  [    ][    ][    ][UP][     ][LEFT]
[948][5871][0][37]  [FIRE][    ][    ][UP][     ][LEFT]
[949][5873][0][39]  [FIRE][    ][    ][UP][RIGHT][LEFT]
[950][5875][0][ 6]  [    ][    ][    ][UP][RIGHT][    ]
[951][5878][0][38]  [FIRE][    ][    ][UP][RIGHT][    ]
[952][5879][0][39]  [FIRE][    ][    ][UP][RIGHT][LEFT]
[953][5881][0][ 5]  [    ][    ][    ][UP][     ][LEFT]
[954][5885][0][37]  [FIRE][    ][    ][UP][     ][LEFT]
[955][5887][0][38]  [FIRE][    ][    ][UP][RIGHT][    ]
[956][5889][0][ 6]  [    ][    ][    ][UP][RIGHT][    ]
[957][5891][0][23]  [    ][JUMP][    ][UP][RIGHT][LEFT]
[958][5892][0][17]  [    ][JUMP][    ][  ][     ][LEFT]
[959][5895][0][16]  [    ][JUMP][    ][  ][     ][    ]
[960][5901][0][ 0]  [    ][    ][    ][  ][     ][    ]
[961][5909][0][16]  [    ][JUMP][    ][  ][     ][    ]
[962][5964][0][17]  [    ][JUMP][    ][  ][     ][LEFT]
[963][5975][0][16]  [    ][JUMP][    ][  ][     ][    ]
[964][5978][0][ 0]  [    ][    ][    ][  ][     ][    ]
[965][5987][0][ 1]  [    ][    ][    ][  ][     ][LEFT]
[966][5989][0][ 0]  [    ][    ][    ][  ][     ][    ]
[967][5999][0][ 1]  [    ][    ][    ][  ][     ][LEFT]
[968][6007][0][17]  [    ][JUMP][    ][  ][     ][LEFT]
[969][6009][0][16]  [    ][JUMP][    ][  ][     ][    ]
[970][6017][0][48]  [FIRE][JUMP][    ][  ][     ][    ]
[971][6019][0][32]  [FIRE][    ][    ][  ][     ][    ]
[972][6021][0][ 0]  [    ][    ][    ][  ][     ][    ]
[973][6025][0][32]  [FIRE][    ][    ][  ][     ][    ]
[974][6028][0][ 0]  [    ][    ][    ][  ][     ][    ]
[975][6032][0][32]  [FIRE][    ][    ][  ][     ][    ]
[976][6036][0][ 0]  [    ][    ][    ][  ][     ][    ]
[977][6040][0][16]  [    ][JUMP][    ][  ][     ][    ]
[978][6057][0][48]  [FIRE][JUMP][    ][  ][     ][    ]
[979][6058][0][34]  [FIRE][    ][    ][  ][RIGHT][    ]
[980][6061][0][ 2]  [    ][    ][    ][  ][RIGHT][    ]
[981][6066][0][34]  [FIRE][    ][    ][  ][RIGHT][    ]
[982][6069][0][32]  [FIRE][    ][    ][  ][     ][    ]
[983][6070][0][ 0]  [    ][    ][    ][  ][     ][    ]
[984][6170][0][ 2]  [    ][    ][    ][  ][RIGHT][    ]
[985][6177][0][ 0]  [    ][    ][    ][  ][     ][    ]
[986][6188][0][ 1]  [    ][    ][    ][  ][     ][LEFT]
[987][6194][0][ 8]  [    ][    ][DOWN][  ][     ][    ]
[988][6206][0][ 0]  [    ][    ][    ][  ][     ][    ]
[989][6211][0][ 2]  [    ][    ][    ][  ][RIGHT][    ]
[990][6250][0][18]  [    ][JUMP][    ][  ][RIGHT][    ]
[991][6275][0][ 2]  [    ][    ][    ][  ][RIGHT][    ]
[992][6302][0][18]  [    ][JUMP][    ][  ][RIGHT][    ]
[993][6321][0][50]  [FIRE][JUMP][    ][  ][RIGHT][    ]
[994][6322][0][34]  [FIRE][    ][    ][  ][RIGHT][    ]
[995][6326][0][ 2]  [    ][    ][    ][  ][RIGHT][    ]
[996][6329][0][34]  [FIRE][    ][    ][  ][RIGHT][    ]
[997][6334][0][ 2]  [    ][    ][    ][  ][RIGHT][    ]
[998][6377][0][ 3]  [    ][    ][    ][  ][RIGHT][LEFT]
[999][6378][0][ 1]  [    ][    ][    ][  ][     ][LEFT]
[1000][6380][0][33]  [FIRE][    ][    ][  ][     ][LEFT]
[1001][6383][0][ 0]  [    ][    ][    ][  ][     ][    ]
[1002][6387][0][32]  [FIRE][    ][    ][  ][     ][    ]
[1003][6389][0][ 0]  [    ][    ][    ][  ][     ][    ]
[1004][6391][0][ 2]  [    ][    ][    ][  ][RIGHT][    ]
[1005][6430][0][18]  [    ][JUMP][    ][  ][RIGHT][    ]
[1006][6442][0][ 2]  [    ][    ][    ][  ][RIGHT][    ]
[1007][6464][0][18]  [    ][JUMP][    ][  ][RIGHT][    ]
[1008][6470][0][ 2]  [    ][    ][    ][  ][RIGHT][    ]
[1009][6490][0][18]  [    ][JUMP][    ][  ][RIGHT][    ]
[1010][6495][0][ 2]  [    ][    ][    ][  ][RIGHT][    ]
[1011][6513][0][18]  [    ][JUMP][    ][  ][RIGHT][    ]
[1012][6537][0][ 2]  [    ][    ][    ][  ][RIGHT][    ]
[1013][6593][0][ 0]  [    ][    ][    ][  ][     ][    ]
[1014][6602][0][ 1]  [    ][    ][    ][  ][     ][LEFT]
[1015][6612][0][33]  [FIRE][    ][    ][  ][     ][LEFT]
[1016][6615][0][ 1]  [    ][    ][    ][  ][     ][LEFT]
[1017][6619][0][33]  [FIRE][    ][    ][  ][     ][LEFT]
[1018][6622][0][ 1]  [    ][    ][    ][  ][     ][LEFT]
[1019][6626][0][33]  [FIRE][    ][    ][  ][     ][LEFT]
[1020][6628][0][ 1]  [    ][    ][    ][  ][     ][LEFT]
[1021][6632][0][33]  [FIRE][    ][    ][  ][     ][LEFT]
[1022][6635][0][ 1]  [    ][    ][    ][  ][     ][LEFT]
[1023][6639][0][33]  [FIRE][    ][    ][  ][     ][LEFT]
[1024][6641][0][ 1]  [    ][    ][    ][  ][     ][LEFT]
[1025][6645][0][33]  [FIRE][    ][    ][  ][     ][LEFT]
[1026][6647][0][ 1]  [    ][    ][    ][  ][     ][LEFT]
[1027][6651][0][33]  [FIRE][    ][    ][  ][     ][LEFT]
[1028][6654][0][ 1]  [    ][    ][    ][  ][     ][LEFT]
[1029][6658][0][33]  [FIRE][    ][    ][  ][     ][LEFT]
[1030][6660][0][ 1]  [    ][    ][    ][  ][     ][LEFT]
[1031][6665][0][33]  [FIRE][    ][    ][  ][     ][LEFT]
[1032][6668][0][ 1]  [    ][    ][    ][  ][     ][LEFT]
[1033][6672][0][33]  [FIRE][    ][    ][  ][     ][LEFT]
[1034][6675][0][ 1]  [    ][    ][    ][  ][     ][LEFT]
[1035][6680][0][33]  [FIRE][    ][    ][  ][     ][LEFT]
[1036][6683][0][ 1]  [    ][    ][    ][  ][     ][LEFT]
[1037][6687][0][33]  [FIRE][    ][    ][  ][     ][LEFT]
[1038][6690][0][ 1]  [    ][    ][    ][  ][     ][LEFT]
[1039][6694][0][17]  [    ][JUMP][    ][  ][     ][LEFT]
[1040][6712][0][ 1]  [    ][    ][    ][  ][     ][LEFT]
[1041][6730][0][ 3]  [    ][    ][    ][  ][RIGHT][LEFT]
[1042][6732][0][ 2]  [    ][    ][    ][  ][RIGHT][    ]
[1043][6736][0][ 6]  [    ][    ][    ][UP][RIGHT][    ]
[1044][6743][0][ 2]  [    ][    ][    ][  ][RIGHT][    ]
[1045][6747][0][18]  [    ][JUMP][    ][  ][RIGHT][    ]
[1046][6748][0][16]  [    ][JUMP][    ][  ][     ][    ]
[1047][6778][0][22]  [    ][JUMP][    ][UP][RIGHT][    ]
[1048][6780][0][52]  [FIRE][JUMP][    ][UP][     ][    ]
[1049][6781][0][36]  [FIRE][    ][    ][UP][     ][    ]
[1050][6782][0][ 4]  [    ][    ][    ][UP][     ][    ]
[1051][6786][0][36]  [FIRE][    ][    ][UP][     ][    ]
[1052][6789][0][ 4]  [    ][    ][    ][UP][     ][    ]
[1053][6792][0][ 5]  [    ][    ][    ][UP][     ][LEFT]
[1054][6794][0][37]  [FIRE][    ][    ][UP][     ][LEFT]
[1055][6799][0][53]  [FIRE][JUMP][    ][UP][     ][LEFT]
[1056][6801][0][21]  [    ][JUMP][    ][UP][     ][LEFT]
[1057][6815][0][20]  [    ][JUMP][    ][UP][     ][    ]
[1058][6817][0][22]  [    ][JUMP][    ][UP][RIGHT][    ]
[1059][6819][0][ 6]  [    ][    ][    ][UP][RIGHT][    ]
[1060][6820][0][38]  [FIRE][    ][    ][UP][RIGHT][    ]
[1061][6824][0][ 6]  [    ][    ][    ][UP][RIGHT][    ]
[1062][6828][0][38]  [FIRE][    ][    ][UP][RIGHT][    ]
[1063][6831][0][ 6]  [    ][    ][    ][UP][RIGHT][    ]
[1064][6832][0][ 2]  [    ][    ][    ][  ][RIGHT][    ]
[1065][6834][0][ 0]  [    ][    ][    ][  ][     ][    ]
[1066][6835][0][32]  [FIRE][    ][    ][  ][     ][    ]
[1067][6836][0][ 0]  [    ][    ][    ][  ][     ][    ]
[1068][6839][0][ 4]  [    ][    ][    ][UP][     ][    ]
[1069][6841][0][36]  [FIRE][    ][    ][UP][     ][    ]
[1070][6843][0][ 4]  [    ][    ][    ][UP][     ][    ]
[1071][6847][0][36]  [FIRE][    ][    ][UP][     ][    ]
[1072][6849][0][ 4]  [    ][    ][    ][UP][     ][    ]
[1073][6853][0][36]  [FIRE][    ][    ][UP][     ][    ]
[1074][6855][0][ 4]  [    ][    ][    ][UP][     ][    ]
[1075][6859][0][36]  [FIRE][    ][    ][UP][     ][    ]
[1076][6862][0][ 4]  [    ][    ][    ][UP][     ][    ]
[1077][6865][0][36]  [FIRE][    ][    ][UP][     ][    ]
[1078][6868][0][ 4]  [    ][    ][    ][UP][     ][    ]
[1079][6871][0][36]  [FIRE][    ][    ][UP][     ][    ]
[1080][6874][0][ 4]  [    ][    ][    ][UP][     ][    ]
[1081][6877][0][36]  [FIRE][    ][    ][UP][     ][    ]
[1082][6880][0][ 4]  [    ][    ][    ][UP][     ][    ]
[1083][6884][0][38]  [FIRE][    ][    ][UP][RIGHT][    ]
[1084][6886][0][ 6]  [    ][    ][    ][UP][RIGHT][    ]
[1085][6890][0][38]  [FIRE][    ][    ][UP][RIGHT][    ]
[1086][6892][0][ 4]  [    ][    ][    ][UP][     ][    ]
[1087][6896][0][36]  [FIRE][    ][    ][UP][     ][    ]
[1088][6898][0][ 4]  [    ][    ][    ][UP][     ][    ]
[1089][6902][0][36]  [FIRE][    ][    ][UP][     ][    ]
[1090][6905][0][ 4]  [    ][    ][    ][UP][     ][    ]
[1091][6908][0][36]  [FIRE][    ][    ][UP][     ][    ]
[1092][6910][0][52]  [FIRE][JUMP][    ][UP][     ][    ]
[1093][6912][0][20]  [    ][JUMP][    ][UP][     ][    ]
[1094][6913][0][16]  [    ][JUMP][    ][  ][     ][    ]
[1095][6918][0][17]  [    ][JUMP][    ][  ][     ][LEFT]
[1096][6940][0][ 1]  [    ][    ][    ][  ][     ][LEFT]
[1097][6944][0][ 0]  [    ][    ][    ][  ][     ][    ]
[1098][6945][0][ 4]  [    ][    ][    ][UP][     ][    ]
[1099][6951][0][36]  [FIRE][    ][    ][UP][     ][    ]
[1100][6954][0][ 4]  [    ][    ][    ][UP][     ][    ]
[1101][6960][0][36]  [FIRE][    ][    ][UP][     ][    ]
[1102][6966][0][ 4]  [    ][    ][    ][UP][     ][    ]
[1103][6967][0][ 0]  [    ][    ][    ][  ][     ][    ]
[1104][6972][0][16]  [    ][JUMP][    ][  ][     ][    ]
[1105][6978][0][ 0]  [    ][    ][    ][  ][     ][    ]
[1106][6983][0][ 1]  [    ][    ][    ][  ][     ][LEFT]
[1107][7002][0][ 0]  [    ][    ][    ][  ][     ][    ]
[1108][7005][0][ 4]  [    ][    ][    ][UP][     ][    ]
[1109][7012][0][ 6]  [    ][    ][    ][UP][RIGHT][    ]
[1110][7014][0][ 4]  [    ][    ][    ][UP][     ][    ]
[1111][7015][0][ 0]  [    ][    ][    ][  ][     ][    ]
[1112][7028][0][16]  [    ][JUMP][    ][  ][     ][    ]
[1113][7090][0][17]  [    ][JUMP][    ][  ][     ][LEFT]
[1114][7102][0][16]  [    ][JUMP][    ][  ][     ][    ]
[1115][7108][0][17]  [    ][JUMP][    ][  ][     ][LEFT]
[1116][7110][0][ 1]  [    ][    ][    ][  ][     ][LEFT]
[1117][7114][0][ 0]  [    ][    ][    ][  ][     ][    ]
[1118][7122][0][32]  [FIRE][    ][    ][  ][     ][    ]
[1119][7125][0][ 0]  [    ][    ][    ][  ][     ][    ]
[1120][7130][0][32]  [FIRE][    ][    ][  ][     ][    ]
[1121][7132][0][ 0]  [    ][    ][    ][  ][     ][    ]
[1122][7136][0][32]  [FIRE][    ][    ][  ][     ][    ]
[1123][7139][0][ 0]  [    ][    ][    ][  ][     ][    ]
[1124][7141][0][ 1]  [    ][    ][    ][  ][     ][LEFT]
[1125][7144][0][ 0]  [    ][    ][    ][  ][     ][    ]
[1126][7156][0][ 1]  [    ][    ][    ][  ][     ][LEFT]
[1127][7159][0][33]  [FIRE][    ][    ][  ][     ][LEFT]
[1128][7162][0][ 0]  [    ][    ][    ][  ][     ][    ]
[1129][7166][0][32]  [FIRE][    ][    ][  ][     ][    ]
[1130][7167][0][33]  [FIRE][    ][    ][  ][     ][LEFT]
[1131][7168][0][32]  [FIRE][    ][    ][  ][     ][    ]
[1132][7170][0][ 0]  [    ][    ][    ][  ][     ][    ]
[1133][7174][0][ 2]  [    ][    ][    ][  ][RIGHT][    ]
[1134][7177][0][ 0]  [    ][    ][    ][  ][     ][    ]
[1135][7196][0][ 2]  [    ][    ][    ][  ][RIGHT][    ]
[1136][7199][0][ 0]  [    ][    ][    ][  ][     ][    ]
[1137][7212][0][ 2]  [    ][    ][    ][  ][RIGHT][    ]
[1138][7220][0][34]  [FIRE][    ][    ][  ][RIGHT][    ]
[1139][7231][0][32]  [FIRE][    ][    ][  ][     ][    ]
[1140][7243][0][34]  [FIRE][    ][    ][  ][RIGHT][    ]
[1141][7248][0][32]  [FIRE][    ][    ][  ][     ][    ]
[1142][7324][0][ 0]  [    ][    ][    ][  ][     ][    ]
[1143][7325][0][ 1]  [    ][    ][    ][  ][     ][LEFT]
[1144][7330][0][ 0]  [    ][    ][    ][  ][     ][    ]
[1145][7346][0][16]  [    ][JUMP][    ][  ][     ][    ]
[1146][7385][0][ 0]  [    ][    ][    ][  ][     ][    ]
[1147][7456][0][16]  [    ][JUMP][    ][  ][     ][    ]
[1148][7464][0][ 0]  [    ][    ][    ][  ][     ][    ]
[1149][7471][0][16]  [    ][JUMP][    ][  ][     ][    ]
[1150][7547][0][ 0]  [    ][    ][    ][  ][     ][    ]
[1151][7624][0][16]  [    ][JUMP][    ][  ][     ][    ]
[1152][7712][0][17]  [    ][JUMP][    ][  ][     ][LEFT]
[1153][7740][0][ 1]  [    ][    ][    ][  ][     ][LEFT]
[1154][7746][0][33]  [FIRE][    ][    ][  ][     ][LEFT]
[1155][7750][0][ 1]  [    ][    ][    ][  ][     ][LEFT]
[1156][7754][0][33]  [FIRE][    ][    ][  ][     ][LEFT]
[1157][7757][0][ 1]  [    ][    ][    ][  ][     ][LEFT]
[1158][7762][0][33]  [FIRE][    ][    ][  ][     ][LEFT]
[1159][7764][0][ 1]  [    ][    ][    ][  ][     ][LEFT]
[1160][7768][0][33]  [FIRE][    ][    ][  ][     ][LEFT]
[1161][7770][0][ 1]  [    ][    ][    ][  ][     ][LEFT]
[1162][7776][0][33]  [FIRE][    ][    ][  ][     ][LEFT]
[1163][7778][0][ 1]  [    ][    ][    ][  ][     ][LEFT]
[1164][7784][0][33]  [FIRE][    ][    ][  ][     ][LEFT]
[1165][7786][0][ 1]  [    ][    ][    ][  ][     ][LEFT]
[1166][7791][0][33]  [FIRE][    ][    ][  ][     ][LEFT]
[1167][7793][0][ 1]  [    ][    ][    ][  ][     ][LEFT]
[1168][7798][0][33]  [FIRE][    ][    ][  ][     ][LEFT]
[1169][7800][0][ 1]  [    ][    ][    ][  ][     ][LEFT]
[1170][7805][0][33]  [FIRE][    ][    ][  ][     ][LEFT]
[1171][7806][0][49]  [FIRE][JUMP][    ][  ][     ][LEFT]
[1172][7807][0][17]  [    ][JUMP][    ][  ][     ][LEFT]
[1173][7830][0][33]  [FIRE][    ][    ][  ][     ][LEFT]
[1174][7834][0][ 1]  [    ][    ][    ][  ][     ][LEFT]
[1175][7839][0][17]  [    ][JUMP][    ][  ][     ][LEFT]
[1176][7866][0][ 1]  [    ][    ][    ][  ][     ][LEFT]
[1177][7875][0][17]  [    ][JUMP][    ][  ][     ][LEFT]
[1178][7881][0][16]  [    ][JUMP][    ][  ][     ][    ]
[1179][7883][0][ 0]  [    ][    ][    ][  ][     ][    ]
[1180][7890][0][16]  [    ][JUMP][    ][  ][     ][    ]
[1181][7954][0][17]  [    ][JUMP][    ][  ][     ][LEFT]
[1182][7957][0][ 1]  [    ][    ][    ][  ][     ][LEFT]
[1183][7959][0][ 3]  [    ][    ][    ][  ][RIGHT][LEFT]
[1184][7960][0][35]  [FIRE][    ][    ][  ][RIGHT][LEFT]
[1185][7962][0][34]  [FIRE][    ][    ][  ][RIGHT][    ]
[1186][7963][0][ 2]  [    ][    ][    ][  ][RIGHT][    ]
[1187][7967][0][32]  [FIRE][    ][    ][  ][     ][    ]
[1188][7969][0][ 0]  [    ][    ][    ][  ][     ][    ]
[1189][7973][0][32]  [FIRE][    ][    ][  ][     ][    ]
[1190][7975][0][ 0]  [    ][    ][    ][  ][     ][    ]
[1191][7977][0][ 2]  [    ][    ][    ][  ][RIGHT][    ]
[1192][7979][0][34]  [FIRE][    ][    ][  ][RIGHT][    ]
[1193][7980][0][38]  [FIRE][    ][    ][UP][RIGHT][    ]
[1194][7982][0][ 6]  [    ][    ][    ][UP][RIGHT][    ]
[1195][7983][0][ 4]  [    ][    ][    ][UP][     ][    ]
[1196][7985][0][36]  [FIRE][    ][    ][UP][     ][    ]
[1197][7988][0][ 4]  [    ][    ][    ][UP][     ][    ]
[1198][7991][0][36]  [FIRE][    ][    ][UP][     ][    ]
[1199][7994][0][ 4]  [    ][    ][    ][UP][     ][    ]
[1200][7997][0][36]  [FIRE][    ][    ][UP][     ][    ]
[1201][7999][0][ 4]  [    ][    ][    ][UP][     ][    ]
[1202][8000][0][ 6]  [    ][    ][    ][UP][RIGHT][    ]
[1203][8004][0][38]  [FIRE][    ][    ][UP][RIGHT][    ]
[1204][8006][0][ 4]  [    ][    ][    ][UP][     ][    ]
[1205][8009][0][36]  [FIRE][    ][    ][UP][     ][    ]
[1206][8012][0][ 4]  [    ][    ][    ][UP][     ][    ]
[1207][8015][0][36]  [FIRE][    ][    ][UP][     ][    ]
[1208][8018][0][ 4]  [    ][    ][    ][UP][     ][    ]
[1209][8019][0][ 5]  [    ][    ][    ][UP][     ][LEFT]
[1210][8022][0][36]  [FIRE][    ][    ][UP][     ][    ]
[1211][8024][0][ 4]  [    ][    ][    ][UP][     ][    ]
[1212][8028][0][36]  [FIRE][    ][    ][UP][     ][    ]
[1213][8030][0][ 6]  [    ][    ][    ][UP][RIGHT][    ]
[1214][8031][0][ 4]  [    ][    ][    ][UP][     ][    ]
[1215][8034][0][36]  [FIRE][    ][    ][UP][     ][    ]
[1216][8036][0][ 4]  [    ][    ][    ][UP][     ][    ]
[1217][8040][0][ 6]  [    ][    ][    ][UP][RIGHT][    ]
[1218][8041][0][38]  [FIRE][    ][    ][UP][RIGHT][    ]
[1219][8043][0][ 6]  [    ][    ][    ][UP][RIGHT][    ]
[1220][8047][0][38]  [FIRE][    ][    ][UP][RIGHT][    ]
[1221][8049][0][ 0]  [    ][    ][    ][  ][     ][    ]
[1222][8052][0][32]  [FIRE][    ][    ][  ][     ][    ]
[1223][8054][0][ 0]  [    ][    ][    ][  ][     ][    ]
[1224][8058][0][32]  [FIRE][    ][    ][  ][     ][    ]
[1225][8060][0][ 0]  [    ][    ][    ][  ][     ][    ]
[1226][8062][0][ 2]  [    ][    ][    ][  ][RIGHT][    ]
[1227][8065][0][34]  [FIRE][    ][    ][  ][RIGHT][    ]
[1228][8067][0][ 2]  [    ][    ][    ][  ][RIGHT][    ]
[1229][8071][0][34]  [FIRE][    ][    ][  ][RIGHT][    ]
[1230][8072][0][38]  [FIRE][    ][    ][UP][RIGHT][    ]
[1231][8073][0][ 4]  [    ][    ][    ][UP][     ][    ]
[1232][8077][0][36]  [FIRE][    ][    ][UP][     ][    ]
[1233][8080][0][ 4]  [    ][    ][    ][UP][     ][    ]
[1234][8084][0][36]  [FIRE][    ][    ][UP][     ][    ]
[1235][8087][0][ 1]  [    ][    ][    ][  ][     ][LEFT]
[1236][8090][0][32]  [FIRE][    ][    ][  ][     ][    ]
[1237][8091][0][48]  [FIRE][JUMP][    ][  ][     ][    ]
[1238][8093][0][16]  [    ][JUMP][    ][  ][     ][    ]
[1239][8094][0][ 0]  [    ][    ][    ][  ][     ][    ]
[1240][8096][0][16]  [    ][JUMP][    ][  ][     ][    ]
[1241][8098][0][48]  [FIRE][JUMP][    ][  ][     ][    ]
[1242][8101][0][ 1]  [    ][    ][    ][  ][     ][LEFT]
[1243][8122][0][17]  [    ][JUMP][    ][  ][     ][LEFT]
[1244][8123][0][20]  [    ][JUMP][    ][UP][     ][    ]
[1245][8124][0][22]  [    ][JUMP][    ][UP][RIGHT][    ]
[1246][8127][0][18]  [    ][JUMP][    ][  ][RIGHT][    ]
[1247][8132][0][ 2]  [    ][    ][    ][  ][RIGHT][    ]
[1248][8138][0][ 1]  [    ][    ][    ][  ][     ][LEFT]
[1249][8144][0][32]  [FIRE][    ][    ][  ][     ][    ]
[1250][8148][0][ 0]  [    ][    ][    ][  ][     ][    ]
[1251][8149][0][ 2]  [    ][    ][    ][  ][RIGHT][    ]
[1252][8153][0][34]  [FIRE][    ][    ][  ][RIGHT][    ]
[1253][8156][0][ 2]  [    ][    ][    ][  ][RIGHT][    ]
[1254][8159][0][34]  [FIRE][    ][    ][  ][RIGHT][    ]
[1255][8162][0][ 2]  [    ][    ][    ][  ][RIGHT][    ]
[1256][8166][0][34]  [FIRE][    ][    ][  ][RIGHT][    ]
[1257][8169][0][37]  [FIRE][    ][    ][UP][     ][LEFT]
[1258][8170][0][ 1]  [    ][    ][    ][  ][     ][LEFT]
[1259][8173][0][33]  [FIRE][    ][    ][  ][     ][LEFT]
[1260][8175][0][ 1]  [    ][    ][    ][  ][     ][LEFT]
[1261][8176][0][ 0]  [    ][    ][    ][  ][     ][    ]
[1262][8179][0][32]  [FIRE][    ][    ][  ][     ][    ]
[1263][8182][0][ 0]  [    ][    ][    ][  ][     ][    ]
[1264][8185][0][32]  [FIRE][    ][    ][  ][     ][    ]
[1265][8188][0][ 0]  [    ][    ][    ][  ][     ][    ]
[1266][8189][0][ 1]  [    ][    ][    ][  ][     ][LEFT]
[1267][8193][0][33]  [FIRE][    ][    ][  ][     ][LEFT]
[1268][8196][0][ 1]  [    ][    ][    ][  ][     ][LEFT]
[1269][8222][0][ 0]  [    ][    ][    ][  ][     ][    ]
[1270][8305][0][ 1]  [    ][    ][    ][  ][     ][LEFT]
[1271][8321][0][33]  [FIRE][    ][    ][  ][     ][LEFT]
[1272][8325][0][ 1]  [    ][    ][    ][  ][     ][LEFT]
[1273][8330][0][33]  [FIRE][    ][    ][  ][     ][LEFT]
[1274][8334][0][ 1]  [    ][    ][    ][  ][     ][LEFT]
[1275][8336][0][17]  [    ][JUMP][    ][  ][     ][LEFT]
[1276][8338][0][49]  [FIRE][JUMP][    ][  ][     ][LEFT]
[1277][8339][0][33]  [FIRE][    ][    ][  ][     ][LEFT]
[1278][8340][0][ 1]  [    ][    ][    ][  ][     ][LEFT]
[1279][8344][0][49]  [FIRE][JUMP][    ][  ][     ][LEFT]
[1280][8346][0][ 1]  [    ][    ][    ][  ][     ][LEFT]
[1281][8350][0][17]  [    ][JUMP][    ][  ][     ][LEFT]
[1282][8351][0][49]  [FIRE][JUMP][    ][  ][     ][LEFT]
[1283][8352][0][33]  [FIRE][    ][    ][  ][     ][LEFT]
[1284][8354][0][ 1]  [    ][    ][    ][  ][     ][LEFT]
[1285][8358][0][49]  [FIRE][JUMP][    ][  ][     ][LEFT]
[1286][8360][0][ 1]  [    ][    ][    ][  ][     ][LEFT]
[1287][8365][0][49]  [FIRE][JUMP][    ][  ][     ][LEFT]
[1288][8366][0][33]  [FIRE][    ][    ][  ][     ][LEFT]
[1289][8367][0][ 1]  [    ][    ][    ][  ][     ][LEFT]
[1290][8372][0][49]  [FIRE][JUMP][    ][  ][     ][LEFT]
[1291][8374][0][33]  [FIRE][    ][    ][  ][     ][LEFT]
[1292][8375][0][ 1]  [    ][    ][    ][  ][     ][LEFT]
[1293][8377][0][ 0]  [    ][    ][    ][  ][     ][    ]
[1294][8378][0][48]  [FIRE][JUMP][    ][  ][     ][    ]
[1295][8381][0][32]  [FIRE][    ][    ][  ][     ][    ]
[1296][8382][0][ 2]  [    ][    ][    ][  ][RIGHT][    ]
[1297][8387][0][50]  [FIRE][JUMP][    ][  ][RIGHT][    ]
[1298][8388][0][48]  [FIRE][JUMP][    ][  ][     ][    ]
[1299][8389][0][ 0]  [    ][    ][    ][  ][     ][    ]
[1300][8396][0][32]  [FIRE][    ][    ][  ][     ][    ]
[1301][8410][0][ 0]  [    ][    ][    ][  ][     ][    ]
[1302][8415][0][ 2]  [    ][    ][    ][  ][RIGHT][    ]
[1303][8418][0][18]  [    ][JUMP][    ][  ][RIGHT][    ]
[1304][8421][0][17]  [    ][JUMP][    ][  ][     ][LEFT]
[1305][8425][0][16]  [    ][JUMP][    ][  ][     ][    ]
[1306][8427][0][18]  [    ][JUMP][    ][  ][RIGHT][    ]
[1307][8428][0][ 2]  [    ][    ][    ][  ][RIGHT][    ]
[1308][8431][0][ 0]  [    ][    ][    ][  ][     ][    ]
[1309][8432][0][ 1]  [    ][    ][    ][  ][     ][LEFT]
[1310][8433][0][ 0]  [    ][    ][    ][  ][     ][    ]
[1311][8438][0][ 2]  [    ][    ][    ][  ][RIGHT][    ]
[1312][8439][0][ 0]  [    ][    ][    ][  ][     ][    ]
[1313][8442][0][ 1]  [    ][    ][    ][  ][     ][LEFT]
[1314][8445][0][ 0]  [    ][    ][    ][  ][     ][    ]
[1315][8446][0][ 2]  [    ][    ][    ][  ][RIGHT][    ]
[1316][8448][0][18]  [    ][JUMP][    ][  ][RIGHT][    ]
[1317][8450][0][16]  [    ][JUMP][    ][  ][     ][    ]
[1318][8462][0][ 0]  [    ][    ][    ][  ][     ][    ]
[1319][8501][0][16]  [    ][JUMP][    ][  ][     ][    ]
[1320][8510][0][17]  [    ][JUMP][    ][  ][     ][LEFT]
[1321][8514][0][16]  [    ][JUMP][    ][  ][     ][    ]
[1322][8515][0][ 0]  [    ][    ][    ][  ][     ][    ]
[1323][8560][0][16]  [    ][JUMP][    ][  ][     ][    ]
[1324][8576][0][48]  [FIRE][JUMP][    ][  ][     ][    ]
[1325][8580][0][32]  [FIRE][    ][    ][  ][     ][    ]
[1326][8586][0][33]  [FIRE][    ][    ][  ][     ][LEFT]
[1327][8632][0][49]  [FIRE][JUMP][    ][  ][     ][LEFT]
[1328][8639][0][48]  [FIRE][JUMP][    ][  ][     ][    ]
[1329][8642][0][52]  [FIRE][JUMP][    ][UP][     ][    ]
[1330][8650][0][53]  [FIRE][JUMP][    ][UP][     ][LEFT]
[1331][8653][0][21]  [    ][JUMP][    ][UP][     ][LEFT]
[1332][8661][0][ 0]  [    ][    ][    ][  ][     ][    ]
[1333][8665][0][ 2]  [    ][    ][    ][  ][RIGHT][    ]
[1334][8698][0][ 0]  [    ][    ][    ][  ][     ][    ]
[1335][8733][0][ 1]  [    ][    ][    ][  ][     ][LEFT]
[1336][8758][0][17]  [    ][JUMP][    ][  ][     ][LEFT]
[1337][8760][0][21]  [    ][JUMP][    ][UP][     ][LEFT]
[1338][8762][0][20]  [    ][JUMP][    ][UP][     ][    ]
[1339][8764][0][36]  [FIRE][    ][    ][UP][     ][    ]
[1340][8767][0][ 4]  [    ][    ][    ][UP][     ][    ]
[1341][8770][0][ 6]  [    ][    ][    ][UP][RIGHT][    ]
[1342][8772][0][36]  [FIRE][    ][    ][UP][     ][    ]
[1343][8774][0][ 4]  [    ][    ][    ][UP][     ][    ]
[1344][8778][0][36]  [FIRE][    ][    ][UP][     ][    ]
[1345][8780][0][ 4]  [    ][    ][    ][UP][     ][    ]
[1346][8782][0][ 5]  [    ][    ][    ][UP][     ][LEFT]
[1347][8785][0][36]  [FIRE][    ][    ][UP][     ][    ]
[1348][8786][0][ 4]  [    ][    ][    ][UP][     ][    ]
[1349][8790][0][ 5]  [    ][    ][    ][UP][     ][LEFT]
[1350][8791][0][37]  [FIRE][    ][    ][UP][     ][LEFT]
[1351][8793][0][36]  [FIRE][    ][    ][UP][     ][    ]
[1352][8794][0][ 4]  [    ][    ][    ][UP][     ][    ]
[1353][8796][0][36]  [FIRE][    ][    ][UP][     ][    ]
[1354][8799][0][ 4]  [    ][    ][    ][UP][     ][    ]
[1355][8802][0][ 6]  [    ][    ][    ][UP][RIGHT][    ]
[1356][8804][0][38]  [FIRE][    ][    ][UP][RIGHT][    ]
[1357][8805][0][ 4]  [    ][    ][    ][UP][     ][    ]
[1358][8809][0][36]  [FIRE][    ][    ][UP][     ][    ]
[1359][8811][0][ 4]  [    ][    ][    ][UP][     ][    ]
[1360][8815][0][36]  [FIRE][    ][    ][UP][     ][    ]
[1361][8817][0][ 4]  [    ][    ][    ][UP][     ][    ]
[1362][8821][0][36]  [FIRE][    ][    ][UP][     ][    ]
[1363][8823][0][ 4]  [    ][    ][    ][UP][     ][    ]
[1364][8827][0][37]  [FIRE][    ][    ][UP][     ][LEFT]
[1365][8829][0][ 5]  [    ][    ][    ][UP][     ][LEFT]
[1366][8834][0][37]  [FIRE][    ][    ][UP][     ][LEFT]
[1367][8836][0][ 5]  [    ][    ][    ][UP][     ][LEFT]
[1368][8837][0][ 4]  [    ][    ][    ][UP][     ][    ]
[1369][8840][0][36]  [FIRE][    ][    ][UP][     ][    ]
[1370][8842][0][ 4]  [    ][    ][    ][UP][     ][    ]
[1371][8847][0][36]  [FIRE][    ][    ][UP][     ][    ]
[1372][8850][0][ 4]  [    ][    ][    ][UP][     ][    ]
[1373][8853][0][36]  [FIRE][    ][    ][UP][     ][    ]
[1374][8855][0][37]  [FIRE][    ][    ][UP][     ][LEFT]
[1375][8856][0][ 5]  [    ][    ][    ][UP][     ][LEFT]
[1376][8860][0][36]  [FIRE][    ][    ][UP][     ][    ]
[1377][8863][0][ 4]  [    ][    ][    ][UP][     ][    ]
[1378][8865][0][ 5]  [    ][    ][    ][UP][     ][LEFT]
[1379][8867][0][36]  [FIRE][    ][    ][UP][     ][    ]
[1380][8869][0][ 4]  [    ][    ][    ][UP][     ][    ]
[1381][8873][0][36]  [FIRE][    ][    ][UP][     ][    ]
[1382][8876][0][ 4]  [    ][    ][    ][UP][     ][    ]
[1383][8880][0][36]  [FIRE][    ][    ][UP][     ][    ]
[1384][8882][0][ 4]  [    ][    ][    ][UP][     ][    ]
[1385][8886][0][36]  [FIRE][    ][    ][UP][     ][    ]
[1386][8889][0][ 4]  [    ][    ][    ][UP][     ][    ]
[1387][8893][0][36]  [FIRE][    ][    ][UP][     ][    ]
[1388][8895][0][ 4]  [    ][    ][    ][UP][     ][    ]
[1389][8897][0][ 5]  [    ][    ][    ][UP][     ][LEFT]
[1390][8900][0][37]  [FIRE][    ][    ][UP][     ][LEFT]
[1391][8902][0][ 4]  [    ][    ][    ][UP][     ][    ]
[1392][8906][0][36]  [FIRE][    ][    ][UP][     ][    ]
[1393][8909][0][ 4]  [    ][    ][    ][UP][     ][    ]
[1394][8913][0][36]  [FIRE][    ][    ][UP][     ][    ]
[1395][8916][0][ 4]  [    ][    ][    ][UP][     ][    ]
[1396][8921][0][36]  [FIRE][    ][    ][UP][     ][    ]
[1397][8922][0][37]  [FIRE][    ][    ][UP][     ][LEFT]
[1398][8925][0][ 5]  [    ][    ][    ][UP][     ][LEFT]
[1399][8928][0][20]  [    ][JUMP][    ][UP][     ][    ]
[1400][8929][0][52]  [FIRE][JUMP][    ][UP][     ][    ]
[1401][8930][0][20]  [    ][JUMP][    ][UP][     ][    ]
[1402][8932][0][ 4]  [    ][    ][    ][UP][     ][    ]
[1403][8935][0][52]  [FIRE][JUMP][    ][UP][     ][    ]
[1404][8937][0][36]  [FIRE][    ][    ][UP][     ][    ]
[1405][8938][0][ 4]  [    ][    ][    ][UP][     ][    ]
[1406][8942][0][20]  [    ][JUMP][    ][UP][     ][    ]
[1407][8943][0][52]  [FIRE][JUMP][    ][UP][     ][    ]
[1408][8945][0][ 4]  [    ][    ][    ][UP][     ][    ]
[1409][8946][0][ 6]  [    ][    ][    ][UP][RIGHT][    ]
[1410][8950][0][22]  [    ][JUMP][    ][UP][RIGHT][    ]
[1411][8951][0][54]  [FIRE][JUMP][    ][UP][RIGHT][    ]
[1412][8953][0][38]  [FIRE][    ][    ][UP][RIGHT][    ]
[1413][8954][0][ 6]  [    ][    ][    ][UP][RIGHT][    ]
[1414][8959][0][22]  [    ][JUMP][    ][UP][RIGHT][    ]
[1415][8960][0][54]  [FIRE][JUMP][    ][UP][RIGHT][    ]
[1416][8962][0][ 2]  [    ][    ][    ][  ][RIGHT][    ]
[1417][9023][0][ 0]  [    ][    ][    ][  ][     ][    ]
[1418][9024][0][16]  [    ][JUMP][    ][  ][     ][    ]
[1419][9030][0][17]  [    ][JUMP][    ][  ][     ][LEFT]
[1420][9034][0][16]  [    ][JUMP][    ][  ][     ][    ]
[1421][9035][0][48]  [FIRE][JUMP][    ][  ][     ][    ]
[1422][9047][0][50]  [FIRE][JUMP][    ][  ][RIGHT][    ]
[1423][9049][0][34]  [FIRE][    ][    ][  ][RIGHT][    ]
[1424][9052][0][32]  [FIRE][    ][    ][  ][     ][    ]
[1425][9058][0][34]  [FIRE][    ][    ][  ][RIGHT][    ]
[1426][9090][0][32]  [FIRE][    ][    ][  ][     ][    ]
[1427][9101][0][34]  [FIRE][    ][    ][  ][RIGHT][    ]
[1428][9105][0][32]  [FIRE][    ][    ][  ][     ][    ]
[1429][9120][0][34]  [FIRE][    ][    ][  ][RIGHT][    ]
[1430][9122][0][32]  [FIRE][    ][    ][  ][     ][    ]
[1431][9154][0][34]  [FIRE][    ][    ][  ][RIGHT][    ]
[1432][9165][0][38]  [FIRE][    ][    ][UP][RIGHT][    ]
[1433][9166][0][54]  [FIRE][JUMP][    ][UP][RIGHT][    ]
[1434][9169][0][52]  [FIRE][JUMP][    ][UP][     ][    ]
[1435][9179][0][20]  [    ][JUMP][    ][UP][     ][    ]
[1436][9187][0][ 5]  [    ][    ][    ][UP][     ][LEFT]
[1437][9188][0][ 1]  [    ][    ][    ][  ][     ][LEFT]
[1438][9227][0][17]  [    ][JUMP][    ][  ][     ][LEFT]
[1439][9237][0][ 0]  [    ][    ][    ][  ][     ][    ]
[1440][9240][0][32]  [FIRE][    ][    ][  ][     ][    ]
[1441][9244][0][34]  [FIRE][    ][    ][  ][RIGHT][    ]
[1442][9249][0][32]  [FIRE][    ][    ][  ][     ][    ]
[1443][9250][0][34]  [FIRE][    ][    ][  ][RIGHT][    ]
[1444][9285][0][32]  [FIRE][    ][    ][  ][     ][    ]
[1445][9287][0][48]  [FIRE][JUMP][    ][  ][     ][    ]
[1446][9297][0][52]  [FIRE][JUMP][    ][UP][     ][    ]
[1447][9304][0][53]  [FIRE][JUMP][    ][UP][     ][LEFT]
[1448][9312][0][21]  [    ][JUMP][    ][UP][     ][LEFT]
[1449][9320][0][ 1]  [    ][    ][    ][  ][     ][LEFT]
[1450][9321][0][ 0]  [    ][    ][    ][  ][     ][    ]
[1451][9335][0][ 1]  [    ][    ][    ][  ][     ][LEFT]
[1452][9363][0][ 0]  [    ][    ][    ][  ][     ][    ]
[1453][9373][0][ 1]  [    ][    ][    ][  ][     ][LEFT]
[1454][9380][0][ 0]  [    ][    ][    ][  ][     ][    ]
[1455][9426][0][16]  [    ][JUMP][    ][  ][     ][    ]
[1456][9435][0][17]  [    ][JUMP][    ][  ][     ][LEFT]
[1457][9438][0][48]  [FIRE][JUMP][    ][  ][     ][    ]
[1458][9440][0][32]  [FIRE][    ][    ][  ][     ][    ]
[1459][9443][0][34]  [FIRE][    ][    ][  ][RIGHT][    ]
[1460][9461][0][50]  [FIRE][JUMP][    ][  ][RIGHT][    ]
[1461][9466][0][48]  [FIRE][JUMP][    ][  ][     ][    ]
[1462][9468][0][49]  [FIRE][JUMP][    ][  ][     ][LEFT]
[1463][9473][0][53]  [FIRE][JUMP][    ][UP][     ][LEFT]
[1464][9488][0][21]  [    ][JUMP][    ][UP][     ][LEFT]
[1465][9495][0][ 0]  [    ][    ][    ][  ][     ][    ]
[1466][9508][0][ 1]  [    ][    ][    ][  ][     ][LEFT]
[1467][9524][0][ 0]  [    ][    ][    ][  ][     ][    ]
[1468][9620][0][16]  [    ][JUMP][    ][  ][     ][    ]
[1469][9627][0][17]  [    ][JUMP][    ][  ][     ][LEFT]
[1470][9632][0][16]  [    ][JUMP][    ][  ][     ][    ]
[1471][9635][0][48]  [FIRE][JUMP][    ][  ][     ][    ]
[1472][9637][0][50]  [FIRE][JUMP][    ][  ][RIGHT][    ]
[1473][9639][0][34]  [FIRE][    ][    ][  ][RIGHT][    ]
[1474][9648][0][32]  [FIRE][    ][    ][  ][     ][    ]
[1475][9650][0][33]  [FIRE][    ][    ][  ][     ][LEFT]
[1476][9658][0][32]  [FIRE][    ][    ][  ][     ][    ]
[1477][9664][0][48]  [FIRE][JUMP][    ][  ][     ][    ]
[1478][9666][0][50]  [FIRE][JUMP][    ][  ][RIGHT][    ]
[1479][9672][0][54]  [FIRE][JUMP][    ][UP][RIGHT][    ]
[1480][9674][0][53]  [FIRE][JUMP][    ][UP][     ][LEFT]
[1481][9688][0][20]  [    ][JUMP][    ][UP][     ][    ]
[1482][9690][0][22]  [    ][JUMP][    ][UP][RIGHT][    ]
[1483][9692][0][20]  [    ][JUMP][    ][UP][     ][    ]
[1484][9693][0][ 0]  [    ][    ][    ][  ][     ][    ]
[1485][9728][0][16]  [    ][JUMP][    ][  ][     ][    ]
[1486][9729][0][48]  [FIRE][JUMP][    ][  ][     ][    ]
[1487][9732][0][52]  [FIRE][JUMP][    ][UP][     ][    ]
[1488][9743][0][53]  [FIRE][JUMP][    ][UP][     ][LEFT]
[1489][9752][0][52]  [FIRE][JUMP][    ][UP][     ][    ]
[1490][9753][0][20]  [    ][JUMP][    ][UP][     ][    ]
[1491][9758][0][ 4]  [    ][    ][    ][UP][     ][    ]
[1492][9760][0][ 0]  [    ][    ][    ][  ][     ][    ]
[1493][9770][0][ 2]  [    ][    ][    ][  ][RIGHT][    ]
[1494][9783][0][ 0]  [    ][    ][    ][  ][     ][    ]
[1495][9814][0][ 1]  [    ][    ][    ][  ][     ][LEFT]
[1496][9820][0][16]  [    ][JUMP][    ][  ][     ][    ]
[1497][9830][0][48]  [FIRE][JUMP][    ][  ][     ][    ]
[1498][9832][0][32]  [FIRE][    ][    ][  ][     ][    ]
[1499][9839][0][36]  [FIRE][    ][    ][UP][     ][    ]
[1500][9842][0][37]  [FIRE][    ][    ][UP][     ][LEFT]
[1501][9843][0][33]  [FIRE][    ][    ][  ][     ][LEFT]
[1502][9858][0][32]  [FIRE][    ][    ][  ][     ][    ]
[1503][9870][0][33]  [FIRE][    ][    ][  ][     ][LEFT]
[1504][9874][0][32]  [FIRE][    ][    ][  ][     ][    ]
[1505][9878][0][33]  [FIRE][    ][    ][  ][     ][LEFT]
[1506][9882][0][32]  [FIRE][    ][    ][  ][     ][    ]
[1507][9892][0][33]  [FIRE][    ][    ][  ][     ][LEFT]
[1508][9893][0][32]  [FIRE][    ][    ][  ][     ][    ]
[1509][9902][0][33]  [FIRE][    ][    ][  ][     ][LEFT]
[1510][9903][0][32]  [FIRE][    ][    ][  ][     ][    ]
[1511][9912][0][36]  [FIRE][    ][    ][UP][     ][    ]
[1512][9961][0][52]  [FIRE][JUMP][    ][UP][     ][    ]
[1513][9971][0][20]  [    ][JUMP][    ][UP][     ][    ]
[1514][9973][0][ 0]  [    ][    ][    ][  ][     ][    ]
[1515][10013][0][ 2]  [    ][    ][    ][  ][RIGHT][    ]
[1516][10025][0][ 0]  [    ][    ][    ][  ][     ][    ]
[1517][10031][0][ 2]  [    ][    ][    ][  ][RIGHT][    ]
[1518][10041][0][50]  [FIRE][JUMP][    ][  ][RIGHT][    ]
[1519][10043][0][48]  [FIRE][JUMP][    ][  ][     ][    ]
[1520][10058][0][32]  [FIRE][    ][    ][  ][     ][    ]
[1521][10062][0][33]  [FIRE][    ][    ][  ][     ][LEFT]
[1522][10080][0][32]  [FIRE][    ][    ][  ][     ][    ]
[1523][10128][0][36]  [FIRE][    ][    ][UP][     ][    ]
[1524][10186][0][52]  [FIRE][JUMP][    ][UP][     ][    ]
[1525][10190][0][20]  [    ][JUMP][    ][UP][     ][    ]
[1526][10192][0][ 0]  [    ][    ][    ][  ][     ][    ]
[1527][10239][0][ 2]  [    ][    ][    ][  ][RIGHT][    ]
[1528][10252][0][18]  [    ][JUMP][    ][  ][RIGHT][    ]
[1529][10255][0][16]  [    ][JUMP][    ][  ][     ][    ]
[1530][10256][0][48]  [FIRE][JUMP][    ][  ][     ][    ]
[1531][10262][0][50]  [FIRE][JUMP][    ][  ][RIGHT][    ]
[1532][10264][0][34]  [FIRE][    ][    ][  ][RIGHT][    ]
[1533][10268][0][32]  [FIRE][    ][    ][  ][     ][    ]
[1534][10276][0][34]  [FIRE][    ][    ][  ][RIGHT][    ]
[1535][10280][0][32]  [FIRE][    ][    ][  ][     ][    ]
[1536][10282][0][33]  [FIRE][    ][    ][  ][     ][LEFT]
[1537][10292][0][32]  [FIRE][    ][    ][  ][     ][    ]
[1538][10305][0][33]  [FIRE][    ][    ][  ][     ][LEFT]
[1539][10308][0][32]  [FIRE][    ][    ][  ][     ][    ]
[1540][10319][0][33]  [FIRE][    ][    ][  ][     ][LEFT]
[1541][10322][0][32]  [FIRE][    ][    ][  ][     ][    ]
[1542][10342][0][36]  [FIRE][    ][    ][UP][     ][    ]
[1543][10364][0][52]  [FIRE][JUMP][    ][UP][     ][    ]
[1544][10388][0][20]  [    ][JUMP][    ][UP][     ][    ]
[1545][10391][0][16]  [    ][JUMP][    ][  ][     ][    ]
[1546][10394][0][ 0]  [    ][    ][    ][  ][     ][    ]
[1547][10448][0][ 2]  [    ][    ][    ][  ][RIGHT][    ]
[1548][10460][0][ 0]  [    ][    ][    ][  ][     ][    ]
[1549][10470][0][16]  [    ][JUMP][    ][  ][     ][    ]
[1550][10476][0][48]  [FIRE][JUMP][    ][  ][     ][    ]
[1551][10483][0][36]  [FIRE][    ][    ][UP][     ][    ]
[1552][10495][0][37]  [FIRE][    ][    ][UP][     ][LEFT]
[1553][10496][0][33]  [FIRE][    ][    ][  ][     ][LEFT]
[1554][10499][0][32]  [FIRE][    ][    ][  ][     ][    ]
[1555][10503][0][33]  [FIRE][    ][    ][  ][     ][LEFT]
[1556][10506][0][32]  [FIRE][    ][    ][  ][     ][    ]
[1557][10513][0][33]  [FIRE][    ][    ][  ][     ][LEFT]
[1558][10516][0][32]  [FIRE][    ][    ][  ][     ][    ]
[1559][10522][0][33]  [FIRE][    ][    ][  ][     ][LEFT]
[1560][10525][0][32]  [FIRE][    ][    ][  ][     ][    ]
[1561][10543][0][33]  [FIRE][    ][    ][  ][     ][LEFT]
[1562][10546][0][32]  [FIRE][    ][    ][  ][     ][    ]
[1563][10584][0][36]  [FIRE][    ][    ][UP][     ][    ]
[1564][10585][0][52]  [FIRE][JUMP][    ][UP][     ][    ]
[1565][10611][0][20]  [    ][JUMP][    ][UP][     ][    ]
[1566][10615][0][16]  [    ][JUMP][    ][  ][     ][    ]
[1567][10616][0][ 0]  [    ][    ][    ][  ][     ][    ]
[1568][10669][0][ 2]  [    ][    ][    ][  ][RIGHT][    ]
[1569][10682][0][16]  [    ][JUMP][    ][  ][     ][    ]
[1570][10692][0][48]  [FIRE][JUMP][    ][  ][     ][    ]
[1571][10695][0][32]  [FIRE][    ][    ][  ][     ][    ]
[1572][10702][0][33]  [FIRE][    ][    ][  ][     ][LEFT]
[1573][10738][0][49]  [FIRE][JUMP][    ][  ][     ][LEFT]
[1574][10746][0][48]  [FIRE][JUMP][    ][  ][     ][    ]
[1575][10754][0][50]  [FIRE][JUMP][    ][  ][RIGHT][    ]
[1576][10766][0][34]  [FIRE][    ][    ][  ][RIGHT][    ]
[1577][10768][0][32]  [FIRE][    ][    ][  ][     ][    ]
[1578][10775][0][33]  [FIRE][    ][    ][  ][     ][LEFT]
[1579][10776][0][49]  [FIRE][JUMP][    ][  ][     ][LEFT]
[1580][10787][0][53]  [FIRE][JUMP][    ][UP][     ][LEFT]
[1581][10798][0][54]  [FIRE][JUMP][    ][UP][RIGHT][    ]
[1582][10800][0][22]  [    ][JUMP][    ][UP][RIGHT][    ]
[1583][10807][0][18]  [    ][JUMP][    ][  ][RIGHT][    ]
[1584][10810][0][ 0]  [    ][    ][    ][  ][     ][    ]
[1585][10838][0][ 2]  [    ][    ][    ][  ][RIGHT][    ]
[1586][10863][0][ 0]  [    ][    ][    ][  ][     ][    ]
[1587][10877][0][ 2]  [    ][    ][    ][  ][RIGHT][    ]
[1588][10883][0][ 3]  [    ][    ][    ][  ][RIGHT][LEFT]
[1589][10884][0][ 1]  [    ][    ][    ][  ][     ][LEFT]
[1590][10896][0][ 3]  [    ][    ][    ][  ][RIGHT][LEFT]
[1591][10897][0][ 2]  [    ][    ][    ][  ][RIGHT][    ]
[1592][10898][0][18]  [    ][JUMP][    ][  ][RIGHT][    ]
[1593][10919][0][ 2]  [    ][    ][    ][  ][RIGHT][    ]
[1594][10923][0][34]  [FIRE][    ][    ][  ][RIGHT][    ]
[1595][10925][0][35]  [FIRE][    ][    ][  ][RIGHT][LEFT]
[1596][10926][0][33]  [FIRE][    ][    ][  ][     ][LEFT]
[1597][10929][0][ 1]  [    ][    ][    ][  ][     ][LEFT]
[1598][10933][0][33]  [FIRE][    ][    ][  ][     ][LEFT]
[1599][10938][0][ 1]  [    ][    ][    ][  ][     ][LEFT]
[1600][10945][0][ 3]  [    ][    ][    ][  ][RIGHT][LEFT]
[1601][10946][0][ 2]  [    ][    ][    ][  ][RIGHT][    ]
[1602][10952][0][ 1]  [    ][    ][    ][  ][     ][LEFT]
[1603][10968][0][33]  [FIRE][    ][    ][  ][     ][LEFT]
[1604][10985][0][53]  [FIRE][JUMP][    ][UP][     ][LEFT]
[1605][10987][0][52]  [FIRE][JUMP][    ][UP][     ][    ]
[1606][10990][0][48]  [FIRE][JUMP][    ][  ][     ][    ]
[1607][10994][0][32]  [FIRE][    ][    ][  ][     ][    ]
[1608][11002][0][33]  [FIRE][    ][    ][  ][     ][LEFT]
[1609][11011][0][49]  [FIRE][JUMP][    ][  ][     ][LEFT]
[1610][11014][0][53]  [FIRE][JUMP][    ][UP][     ][LEFT]
[1611][11018][0][52]  [FIRE][JUMP][    ][UP][     ][    ]
[1612][11025][0][20]  [    ][JUMP][    ][UP][     ][    ]
[1613][11027][0][21]  [    ][JUMP][    ][UP][     ][LEFT]
[1614][11028][0][17]  [    ][JUMP][    ][  ][     ][LEFT]
[1615][11029][0][ 1]  [    ][    ][    ][  ][     ][LEFT]
[1616][11031][0][ 0]  [    ][    ][    ][  ][     ][    ]
[1617][11032][0][ 2]  [    ][    ][    ][  ][RIGHT][    ]
[1618][11082][0][ 0]  [    ][    ][    ][  ][     ][    ]
[1619][11106][0][ 1]  [    ][    ][    ][  ][     ][LEFT]
[1620][11140][0][17]  [    ][JUMP][    ][  ][     ][LEFT]
[1621][11150][0][ 0]  [    ][    ][    ][  ][     ][    ]
[1622][11159][0][16]  [    ][JUMP][    ][  ][     ][    ]
[1623][11202][0][17]  [    ][JUMP][    ][  ][     ][LEFT]
[1624][11211][0][ 1]  [    ][    ][    ][  ][     ][LEFT]
[1625][11215][0][ 0]  [    ][    ][    ][  ][     ][    ]
[1626][11224][0][ 1]  [    ][    ][    ][  ][     ][LEFT]
[1627][11229][0][ 0]  [    ][    ][    ][  ][     ][    ]
[1628][11257][0][ 4]  [    ][    ][    ][UP][     ][    ]
[1629][11260][0][36]  [FIRE][    ][    ][UP][     ][    ]
[1630][11263][0][ 4]  [    ][    ][    ][UP][     ][    ]
[1631][11267][0][36]  [FIRE][    ][    ][UP][     ][    ]
[1632][11270][0][ 4]  [    ][    ][    ][UP][     ][    ]
[1633][11274][0][36]  [FIRE][    ][    ][UP][     ][    ]
[1634][11276][0][ 4]  [    ][    ][    ][UP][     ][    ]
[1635][11280][0][36]  [FIRE][    ][    ][UP][     ][    ]
[1636][11282][0][ 4]  [    ][    ][    ][UP][     ][    ]
[1637][11286][0][36]  [FIRE][    ][    ][UP][     ][    ]
[1638][11288][0][ 4]  [    ][    ][    ][UP][     ][    ]
[1639][11292][0][36]  [FIRE][    ][    ][UP][     ][    ]
[1640][11295][0][ 4]  [    ][    ][    ][UP][     ][    ]
[1641][11298][0][36]  [FIRE][    ][    ][UP][     ][    ]
[1642][11301][0][ 4]  [    ][    ][    ][UP][     ][    ]
[1643][11304][0][36]  [FIRE][    ][    ][UP][     ][    ]
[1644][11307][0][ 4]  [    ][    ][    ][UP][     ][    ]
[1645][11310][0][ 6]  [    ][    ][    ][UP][RIGHT][    ]
[1646][11311][0][38]  [FIRE][    ][    ][UP][RIGHT][    ]
[1647][11314][0][ 6]  [    ][    ][    ][UP][RIGHT][    ]
[1648][11316][0][ 4]  [    ][    ][    ][UP][     ][    ]
[1649][11317][0][36]  [FIRE][    ][    ][UP][     ][    ]
[1650][11320][0][ 4]  [    ][    ][    ][UP][     ][    ]
[1651][11323][0][ 6]  [    ][    ][    ][UP][RIGHT][    ]
[1652][11325][0][38]  [FIRE][    ][    ][UP][RIGHT][    ]
[1653][11326][0][36]  [FIRE][    ][    ][UP][     ][    ]
[1654][11327][0][ 5]  [    ][    ][    ][UP][     ][LEFT]
[1655][11331][0][37]  [FIRE][    ][    ][UP][     ][LEFT]
[1656][11334][0][ 5]  [    ][    ][    ][UP][     ][LEFT]
[1657][11336][0][ 4]  [    ][    ][    ][UP][     ][    ]
[1658][11343][0][ 0]  [    ][    ][    ][  ][     ][    ]
[1659][11354][0][ 4]  [    ][    ][    ][UP][     ][    ]
[1660][11364][0][36]  [FIRE][    ][    ][UP][     ][    ]
[1661][11367][0][ 4]  [    ][    ][    ][UP][     ][    ]
[1662][11372][0][ 0]  [    ][    ][    ][  ][     ][    ]
[1663][11390][0][ 4]  [    ][    ][    ][UP][     ][    ]
[1664][11393][0][36]  [FIRE][    ][    ][UP][     ][    ]
[1665][11396][0][ 4]  [    ][    ][    ][UP][     ][    ]
[1666][11400][0][36]  [FIRE][    ][    ][UP][     ][    ]
[1667][11403][0][ 4]  [    ][    ][    ][UP][     ][    ]
[1668][11406][0][36]  [FIRE][    ][    ][UP][     ][    ]
[1669][11409][0][ 6]  [    ][    ][    ][UP][RIGHT][    ]
[1670][11413][0][38]  [FIRE][    ][    ][UP][RIGHT][    ]
[1671][11415][0][36]  [FIRE][    ][    ][UP][     ][    ]
[1672][11416][0][ 4]  [    ][    ][    ][UP][     ][    ]
[1673][11419][0][36]  [FIRE][    ][    ][UP][     ][    ]
[1674][11422][0][ 4]  [    ][    ][    ][UP][     ][    ]
[1675][11426][0][37]  [FIRE][    ][    ][UP][     ][LEFT]
[1676][11428][0][ 5]  [    ][    ][    ][UP][     ][LEFT]
[1677][11430][0][ 4]  [    ][    ][    ][UP][     ][    ]
[1678][11432][0][36]  [FIRE][    ][    ][UP][     ][    ]
[1679][11434][0][38]  [FIRE][    ][    ][UP][RIGHT][    ]
[1680][11436][0][ 6]  [    ][    ][    ][UP][RIGHT][    ]
[1681][11439][0][36]  [FIRE][    ][    ][UP][     ][    ]
[1682][11441][0][ 4]  [    ][    ][    ][UP][     ][    ]
[1683][11442][0][ 5]  [    ][    ][    ][UP][     ][LEFT]
[1684][11443][0][ 1]  [    ][    ][    ][  ][     ][LEFT]
[1685][11450][0][ 0]  [    ][    ][    ][  ][     ][    ]
[1686][11469][0][16]  [    ][JUMP][    ][  ][     ][    ]
[1687][11474][0][ 0]  [    ][    ][    ][  ][     ][    ]
[1688][11483][0][16]  [    ][JUMP][    ][  ][     ][    ]
[1689][11604][0][17]  [    ][JUMP][    ][  ][     ][LEFT]
[1690][11614][0][16]  [    ][JUMP][    ][  ][     ][    ]
[1691][11615][0][18]  [    ][JUMP][    ][  ][RIGHT][    ]
[1692][11633][0][ 2]  [    ][    ][    ][  ][RIGHT][    ]
[1693][11636][0][ 0]  [    ][    ][    ][  ][     ][    ]
[1694][11660][0][ 1]  [    ][    ][    ][  ][     ][LEFT]
[1695][11662][0][17]  [    ][JUMP][    ][  ][     ][LEFT]
[1696][11684][0][ 1]  [    ][    ][    ][  ][     ][LEFT]
[1697][11685][0][ 0]  [    ][    ][    ][  ][     ][    ]
[1698][11852][0][ 1]  [    ][    ][    ][  ][     ][LEFT]
[1699][11856][0][ 5]  [    ][    ][    ][UP][     ][LEFT]
[1700][11860][0][ 4]  [    ][    ][    ][UP][     ][    ]
[1701][11862][0][ 0]  [    ][    ][    ][  ][     ][    ]
[1702][12067][0][ 2]  [    ][    ][    ][  ][RIGHT][    ]
[1703][12071][0][ 0]  [    ][    ][    ][  ][     ][    ]
[1704][12440][0][ 2]  [    ][    ][    ][  ][RIGHT][    ]
[1705][12448][0][18]  [    ][JUMP][    ][  ][RIGHT][    ]
[1706][12456][0][ 2]  [    ][    ][    ][  ][RIGHT][    ]
[1707][12462]
