number of entries 214
deathmatch_pbullets 1
deathmatch_pbullets_damage 5
suicide_pbullets 1
[ gm][  pc][p][cm]
[  0][   0]-------------START (level:322)------------- 
[  1][   0]-------------PLAYER 0 ACTIVE (color:9)-- 
[  2][  61][0][ 2]  [    ][    ][    ][  ][RIGHT][    ]
[  3][  80][0][ 0]  [    ][    ][    ][  ][     ][    ]
[  4][  82][0][ 1]  [    ][    ][    ][  ][     ][LEFT]
[  5][  88][0][ 0]  [    ][    ][    ][  ][     ][    ]
[  6][  90][0][ 2]  [    ][    ][    ][  ][RIGHT][    ]
[  7][  93][0][ 0]  [    ][    ][    ][  ][     ][    ]
[  8][ 117][0][ 1]  [    ][    ][    ][  ][     ][LEFT]
[  9][ 131][0][ 3]  [    ][    ][    ][  ][RIGHT][LEFT]
[ 10][ 132][0][ 2]  [    ][    ][    ][  ][RIGHT][    ]
[ 11][ 138][0][ 0]  [    ][    ][    ][  ][     ][    ]
[ 12][ 167][0][ 1]  [    ][    ][    ][  ][     ][LEFT]
[ 13][ 204][0][17]  [    ][JUMP][    ][  ][     ][LEFT]
[ 14][ 228][0][49]  [FIRE][JUMP][    ][  ][     ][LEFT]
[ 15][ 229][0][33]  [FIRE][    ][    ][  ][     ][LEFT]
[ 16][ 241][0][32]  [FIRE][    ][    ][  ][     ][    ]
[ 17][ 264][0][48]  [FIRE][JUMP][    ][  ][     ][    ]
[ 18][ 274][0][32]  [FIRE][    ][    ][  ][     ][    ]
[ 19][ 289][0][34]  [FIRE][    ][    ][  ][RIGHT][    ]
[ 20][ 294][0][32]  [FIRE][    ][    ][  ][     ][    ]
[ 21][ 313][0][48]  [FIRE][JUMP][    ][  ][     ][    ]
[ 22][ 338][0][32]  [FIRE][    ][    ][  ][     ][    ]
[ 23][ 373][0][34]  [FIRE][    ][    ][  ][RIGHT][    ]
[ 24][ 403][0][32]  [FIRE][    ][    ][  ][     ][    ]
[ 25][ 417][0][48]  [FIRE][JUMP][    ][  ][     ][    ]
[ 26][ 430][0][52]  [FIRE][JUMP][    ][UP][     ][    ]
[ 27][ 441][0][20]  [    ][JUMP][    ][UP][     ][    ]
[ 28][ 457][0][ 4]  [    ][    ][    ][UP][     ][    ]
[ 29][ 462][0][ 0]  [    ][    ][    ][  ][     ][    ]
[ 30][ 655][0][32]  [FIRE][    ][    ][  ][     ][    ]
[ 31][ 664][0][34]  [FIRE][    ][    ][  ][RIGHT][    ]
[ 32][ 678][0][32]  [FIRE][    ][    ][  ][     ][    ]
[ 33][ 679][0][33]  [FIRE][    ][    ][  ][     ][LEFT]
[ 34][ 713][0][32]  [FIRE][    ][    ][  ][     ][    ]
[ 35][ 717][0][34]  [FIRE][    ][    ][  ][RIGHT][    ]
[ 36][ 727][0][50]  [FIRE][JUMP][    ][  ][RIGHT][    ]
[ 37][ 735][0][54]  [FIRE][JUMP][    ][UP][RIGHT][    ]
[ 38][ 744][0][22]  [    ][JUMP][    ][UP][RIGHT][    ]
[ 39][ 750][0][ 6]  [    ][    ][    ][UP][RIGHT][    ]
[ 40][ 751][0][ 0]  [    ][    ][    ][  ][     ][    ]
[ 41][ 816][0][ 2]  [    ][    ][    ][  ][RIGHT][    ]
[ 42][ 856][0][ 0]  [    ][    ][    ][  ][     ][    ]
[ 43][ 941][0][ 1]  [    ][    ][    ][  ][     ][LEFT]
[ 44][ 959][0][ 0]  [    ][    ][    ][  ][     ][    ]
[ 45][ 966][0][ 2]  [    ][    ][    ][  ][RIGHT][    ]
[ 46][ 987][0][ 0]  [    ][    ][    ][  ][     ][    ]
[ 47][ 992][0][32]  [FIRE][    ][    ][  ][     ][    ]
[ 48][ 994][0][48]  [FIRE][JUMP][    ][  ][     ][    ]
[ 49][1019][0][49]  [FIRE][JUMP][    ][  ][     ][LEFT]
[ 50][1029][0][33]  [FIRE][    ][    ][  ][     ][LEFT]
[ 51][1070][0][32]  [FIRE][    ][    ][  ][     ][    ]
[ 52][1086][0][34]  [FIRE][    ][    ][  ][RIGHT][    ]
[ 53][1093][0][32]  [FIRE][    ][    ][  ][     ][    ]
[ 54][1109][0][33]  [FIRE][    ][    ][  ][     ][LEFT]
[ 55][1142][0][32]  [FIRE][    ][    ][  ][     ][    ]
[ 56][1147][0][34]  [FIRE][    ][    ][  ][RIGHT][    ]
[ 57][1166][0][50]  [FIRE][JUMP][    ][  ][RIGHT][    ]
[ 58][1171][0][54]  [FIRE][JUMP][    ][UP][RIGHT][    ]
[ 59][1182][0][22]  [    ][JUMP][    ][UP][RIGHT][    ]
[ 60][1183][0][20]  [    ][JUMP][    ][UP][     ][    ]
[ 61][1190][0][ 4]  [    ][    ][    ][UP][     ][    ]
[ 62][1192][0][ 0]  [    ][    ][    ][  ][     ][    ]
[ 63][1213][0][ 1]  [    ][    ][    ][  ][     ][LEFT]
[ 64][1244][0][33]  [FIRE][    ][    ][  ][     ][LEFT]
[ 65][1248][0][ 1]  [    ][    ][    ][  ][     ][LEFT]
[ 66][1269][0][ 0]  [    ][    ][    ][  ][     ][    ]
[ 67][1270][0][ 2]  [    ][    ][    ][  ][RIGHT][    ]
[ 68][1319][0][ 0]  [    ][    ][    ][  ][     ][    ]
[ 69][1331][0][ 1]  [    ][    ][    ][  ][     ][LEFT]
[ 70][1365][0][33]  [FIRE][    ][    ][  ][     ][LEFT]
[ 71][1367][0][32]  [FIRE][    ][    ][  ][     ][    ]
[ 72][1373][0][34]  [FIRE][    ][    ][  ][RIGHT][    ]
[ 73][1390][0][32]  [FIRE][    ][    ][  ][     ][    ]
[ 74][1391][0][48]  [FIRE][JUMP][    ][  ][     ][    ]
[ 75][1398][0][52]  [FIRE][JUMP][    ][UP][     ][    ]
[ 76][1406][0][20]  [    ][JUMP][    ][UP][     ][    ]
[ 77][1407][0][22]  [    ][JUMP][    ][UP][RIGHT][    ]
[ 78][1416][0][ 6]  [    ][    ][    ][UP][RIGHT][    ]
[ 79][1421][0][ 2]  [    ][    ][    ][  ][RIGHT][    ]
[ 80][1427][0][ 0]  [    ][    ][    ][  ][     ][    ]
[ 81][1450][0][ 2]  [    ][    ][    ][  ][RIGHT][    ]
[ 82][1457][0][ 0]  [    ][    ][    ][  ][     ][    ]
[ 83][1470][0][ 2]  [    ][    ][    ][  ][RIGHT][    ]
[ 84][1509][0][34]  [FIRE][    ][    ][  ][RIGHT][    ]
[ 85][1513][0][32]  [FIRE][    ][    ][  ][     ][    ]
[ 86][1517][0][33]  [FIRE][    ][    ][  ][     ][LEFT]
[ 87][1536][0][32]  [FIRE][    ][    ][  ][     ][    ]
[ 88][1538][0][34]  [FIRE][    ][    ][  ][RIGHT][    ]
[ 89][1566][0][35]  [FIRE][    ][    ][  ][RIGHT][LEFT]
[ 90][1569][0][33]  [FIRE][    ][    ][  ][     ][LEFT]
[ 91][1651][0][32]  [FIRE][    ][    ][  ][     ][    ]
[ 92][1656][0][34]  [FIRE][    ][    ][  ][RIGHT][    ]
[ 93][1672][0][50]  [FIRE][JUMP][    ][  ][RIGHT][    ]
[ 94][1680][0][54]  [FIRE][JUMP][    ][UP][RIGHT][    ]
[ 95][1691][0][22]  [    ][JUMP][    ][UP][RIGHT][    ]
[ 96][1695][0][20]  [    ][JUMP][    ][UP][     ][    ]
[ 97][1696][0][ 4]  [    ][    ][    ][UP][     ][    ]
[ 98][1699][0][ 0]  [    ][    ][    ][  ][     ][    ]
[ 99][1754][0][ 1]  [    ][    ][    ][  ][     ][LEFT]
[100][1777][0][33]  [FIRE][    ][    ][  ][     ][LEFT]
[101][1783][0][32]  [FIRE][    ][    ][  ][     ][    ]
[102][1793][0][34]  [FIRE][    ][    ][  ][RIGHT][    ]
[103][1795][0][50]  [FIRE][JUMP][    ][  ][RIGHT][    ]
[104][1797][0][54]  [FIRE][JUMP][    ][UP][RIGHT][    ]
[105][1809][0][22]  [    ][JUMP][    ][UP][RIGHT][    ]
[106][1810][0][20]  [    ][JUMP][    ][UP][     ][    ]
[107][1812][0][21]  [    ][JUMP][    ][UP][     ][LEFT]
[108][1817][0][ 5]  [    ][    ][    ][UP][     ][LEFT]
[109][1818][0][ 0]  [    ][    ][    ][  ][     ][    ]
[110][1861][0][ 2]  [    ][    ][    ][  ][RIGHT][    ]
[111][1898][0][34]  [FIRE][    ][    ][  ][RIGHT][    ]
[112][1928][0][32]  [FIRE][    ][    ][  ][     ][    ]
[113][1929][0][33]  [FIRE][    ][    ][  ][     ][LEFT]
[114][2015][0][32]  [FIRE][    ][    ][  ][     ][    ]
[115][2023][0][34]  [FIRE][    ][    ][  ][RIGHT][    ]
[116][2032][0][50]  [FIRE][JUMP][    ][  ][RIGHT][    ]
[117][2043][0][54]  [FIRE][JUMP][    ][UP][RIGHT][    ]
[118][2055][0][22]  [    ][JUMP][    ][UP][RIGHT][    ]
[119][2065][0][ 6]  [    ][    ][    ][UP][RIGHT][    ]
[120][2066][0][ 0]  [    ][    ][    ][  ][     ][    ]
[121][2141][0][ 2]  [    ][    ][    ][  ][RIGHT][    ]
[122][2177][0][34]  [FIRE][    ][    ][  ][RIGHT][    ]
[123][2186][0][32]  [FIRE][    ][    ][  ][     ][    ]
[124][2216][0][33]  [FIRE][    ][    ][  ][     ][LEFT]
[125][2301][0][32]  [FIRE][    ][    ][  ][     ][    ]
[126][2307][0][34]  [FIRE][    ][    ][  ][RIGHT][    ]
[127][2315][0][50]  [FIRE][JUMP][    ][  ][RIGHT][    ]
[128][2322][0][54]  [FIRE][JUMP][    ][UP][RIGHT][    ]
[129][2334][0][22]  [    ][JUMP][    ][UP][RIGHT][    ]
[130][2338][0][20]  [    ][JUMP][    ][UP][     ][    ]
[131][2340][0][ 0]  [    ][    ][    ][  ][     ][    ]
[132][2422][0][ 8]  [    ][    ][DOWN][  ][     ][    ]
[133][2427][0][ 0]  [    ][    ][    ][  ][     ][    ]
[134][2534][0][ 1]  [    ][    ][    ][  ][     ][LEFT]
[135][2577][0][17]  [    ][JUMP][    ][  ][     ][LEFT]
[136][2588][0][49]  [FIRE][JUMP][    ][  ][     ][LEFT]
[137][2589][0][33]  [FIRE][    ][    ][  ][     ][LEFT]
[138][2590][0][32]  [FIRE][    ][    ][  ][     ][    ]
[139][2595][0][33]  [FIRE][    ][    ][  ][     ][LEFT]
[140][2599][0][32]  [FIRE][    ][    ][  ][     ][    ]
[141][2608][0][34]  [FIRE][    ][    ][  ][RIGHT][    ]
[142][2614][0][32]  [FIRE][    ][    ][  ][     ][    ]
[143][2632][0][48]  [FIRE][JUMP][    ][  ][     ][    ]
[144][2652][0][32]  [FIRE][    ][    ][  ][     ][    ]
[145][2672][0][34]  [FIRE][    ][    ][  ][RIGHT][    ]
[146][2677][0][32]  [FIRE][    ][    ][  ][     ][    ]
[147][2681][0][48]  [FIRE][JUMP][    ][  ][     ][    ]
[148][2687][0][52]  [FIRE][JUMP][    ][UP][     ][    ]
[149][2693][0][54]  [FIRE][JUMP][    ][UP][RIGHT][    ]
[150][2697][0][52]  [FIRE][JUMP][    ][UP][     ][    ]
[151][2700][0][20]  [    ][JUMP][    ][UP][     ][    ]
[152][2707][0][ 4]  [    ][    ][    ][UP][     ][    ]
[153][2710][0][ 0]  [    ][    ][    ][  ][     ][    ]
[154][2724][0][ 1]  [    ][    ][    ][  ][     ][LEFT]
[155][2741][0][ 0]  [    ][    ][    ][  ][     ][    ]
[156][2749][0][ 2]  [    ][    ][    ][  ][RIGHT][    ]
[157][2767][0][50]  [FIRE][JUMP][    ][  ][RIGHT][    ]
[158][2773][0][54]  [FIRE][JUMP][    ][UP][RIGHT][    ]
[159][2779][0][22]  [    ][JUMP][    ][UP][RIGHT][    ]
[160][2782][0][18]  [    ][JUMP][    ][  ][RIGHT][    ]
[161][2786][0][ 2]  [    ][    ][    ][  ][RIGHT][    ]
[162][2787][0][ 0]  [    ][    ][    ][  ][     ][    ]
[163][2789][0][ 1]  [    ][    ][    ][  ][     ][LEFT]
[164][2820][0][ 0]  [    ][    ][    ][  ][     ][    ]
[165][2832][0][ 2]  [    ][    ][    ][  ][RIGHT][    ]
[166][2839][0][ 0]  [    ][    ][    ][  ][     ][    ]
[167][2934][0][32]  [FIRE][    ][    ][  ][     ][    ]
[168][2945][0][34]  [FIRE][    ][    ][  ][RIGHT][    ]
[169][2954][0][50]  [FIRE][JUMP][    ][  ][RIGHT][    ]
[170][2962][0][54]  [FIRE][JUMP][    ][UP][RIGHT][    ]
[171][2968][0][50]  [FIRE][JUMP][    ][  ][RIGHT][    ]
[172][2970][0][18]  [    ][JUMP][    ][  ][RIGHT][    ]
[173][2971][0][ 0]  [    ][    ][    ][  ][     ][    ]
[174][2997][0][ 2]  [    ][    ][    ][  ][RIGHT][    ]
[175][3011][0][ 1]  [    ][    ][    ][  ][     ][LEFT]
[176][3024][0][33]  [FIRE][    ][    ][  ][     ][LEFT]
[177][3028][0][32]  [FIRE][    ][    ][  ][     ][    ]
[178][3031][0][48]  [FIRE][JUMP][    ][  ][     ][    ]
[179][3035][0][50]  [FIRE][JUMP][    ][  ][RIGHT][    ]
[180][3051][0][34]  [FIRE][    ][    ][  ][RIGHT][    ]
[181][3057][0][ 0]  [    ][    ][    ][  ][     ][    ]
[182][3085][0][ 1]  [    ][    ][    ][  ][     ][LEFT]
[183][3121][0][ 0]  [    ][    ][    ][  ][     ][    ]
[184][3122][0][ 2]  [    ][    ][    ][  ][RIGHT][    ]
[185][3126][0][ 0]  [    ][    ][    ][  ][     ][    ]
[186][3127][0][ 1]  [    ][    ][    ][  ][     ][LEFT]
[187][3130][0][ 0]  [    ][    ][    ][  ][     ][    ]
[188][3131][0][ 2]  [    ][    ][    ][  ][RIGHT][    ]
[189][3134][0][ 0]  [    ][    ][    ][  ][     ][    ]
[190][3135][0][ 1]  [    ][    ][    ][  ][     ][LEFT]
[191][3138][0][ 0]  [    ][    ][    ][  ][     ][    ]
[192][3139][0][ 2]  [    ][    ][    ][  ][RIGHT][    ]
[193][3142][0][ 0]  [    ][    ][    ][  ][     ][    ]
[194][3143][0][ 1]  [    ][    ][    ][  ][     ][LEFT]
[195][3146][0][ 0]  [    ][    ][    ][  ][     ][    ]
[196][3147][0][ 2]  [    ][    ][    ][  ][RIGHT][    ]
[197][3150][0][ 0]  [    ][    ][    ][  ][     ][    ]
[198][3151][0][ 1]  [    ][    ][    ][  ][     ][LEFT]
[199][3154][0][ 0]  [    ][    ][    ][  ][     ][    ]
[200][3156][0][ 2]  [    ][    ][    ][  ][RIGHT][    ]
[201][3159][0][ 0]  [    ][    ][    ][  ][     ][    ]
[202][3160][0][ 1]  [    ][    ][    ][  ][     ][LEFT]
[203][3163][0][ 0]  [    ][    ][    ][  ][     ][    ]
[204][3201][0][ 8]  [    ][    ][DOWN][  ][     ][    ]
[205][3205][0][ 0]  [    ][    ][    ][  ][     ][    ]
[206][3243][0][ 1]  [    ][    ][    ][  ][     ][LEFT]
[207][3249][0][ 0]  [    ][    ][    ][  ][     ][    ]
[208][3252][0][ 2]  [    ][    ][    ][  ][RIGHT][    ]
[209][3257][0][ 3]  [    ][    ][    ][  ][RIGHT][LEFT]
[210][3258][0][ 1]  [    ][    ][    ][  ][     ][LEFT]
[211][3262][0][ 3]  [    ][    ][    ][  ][RIGHT][LEFT]
[212][3264][0][ 2]  [    ][    ][    ][  ][RIGHT][    ]
[213][3268][0][ 0]  [    ][    ][    ][  ][     ][    ]
