number of entries 37
deathmatch_pbullets 1
deathmatch_pbullets_damage 5
suicide_pbullets 1
[ gm][  pc][p][cm]
[  0][   0]-------------START (level:18)------------- 
[  1][   0]-------------PLAYER 0 ACTIVE (color:9)-- 
[  2][ 659]-------------PLAYER 1 ACTIVE (color:10)-- 
[  3][4928]-------------PLAYER 2 ACTIVE (color:11)-- 
[  4][5266][0][ 2]  [    ][    ][    ][  ][RIGHT][    ]
[  5][5271][0][ 0]  [    ][    ][    ][  ][     ][    ]
[  6][5298][0][ 2]  [    ][    ][    ][  ][RIGHT][    ]
[  7][5310][0][ 0]  [    ][    ][    ][  ][     ][    ]
[  8][5311][0][ 1]  [    ][    ][    ][  ][     ][LEFT]
[  9][5316][0][ 0]  [    ][    ][    ][  ][     ][    ]
[ 10][5374][0][32]  [FIRE][    ][    ][  ][     ][    ]
[ 11][5380][0][ 0]  [    ][    ][    ][  ][     ][    ]
[ 12][5403][0][32]  [FIRE][    ][    ][  ][     ][    ]
[ 13][5409][0][ 0]  [    ][    ][    ][  ][     ][    ]
[ 14][5434][0][ 1]  [    ][    ][    ][  ][     ][LEFT]
[ 15][5436][0][33]  [FIRE][    ][    ][  ][     ][LEFT]
[ 16][5440][0][32]  [FIRE][    ][    ][  ][     ][    ]
[ 17][5442][0][ 0]  [    ][    ][    ][  ][     ][    ]
[ 18][5488][0][ 1]  [    ][    ][    ][  ][     ][LEFT]
[ 19][5496][0][17]  [    ][JUMP][    ][  ][     ][LEFT]
[ 20][5501][0][49]  [FIRE][JUMP][    ][  ][     ][LEFT]
[ 21][5513][0][33]  [FIRE][    ][    ][  ][     ][LEFT]
[ 22][5517][0][ 1]  [    ][    ][    ][  ][     ][LEFT]
[ 23][5538][0][ 0]  [    ][    ][    ][  ][     ][    ]
[ 24][5543][0][ 2]  [    ][    ][    ][  ][RIGHT][    ]
[ 25][5550][0][ 0]  [    ][    ][    ][  ][     ][    ]
[ 26][5554][0][ 2]  [    ][    ][    ][  ][RIGHT][    ]
[ 27][5583][0][34]  [FIRE][    ][    ][  ][RIGHT][    ]
[ 28][5584][0][32]  [FIRE][    ][    ][  ][     ][    ]
[ 29][5588][0][ 0]  [    ][    ][    ][  ][     ][    ]
[ 30][5607][0][ 1]  [    ][    ][    ][  ][     ][LEFT]
[ 31][5627][0][ 2]  [    ][    ][    ][  ][RIGHT][    ]
[ 32][5632][0][ 1]  [    ][    ][    ][  ][     ][LEFT]
[ 33][5636][0][ 0]  [    ][    ][    ][  ][     ][    ]
[ 34][5637][0][ 2]  [    ][    ][    ][  ][RIGHT][    ]
[ 35][5641][0][ 0]  [    ][    ][    ][  ][     ][    ]
[ 36][6843]-------------PLAYER 0 INACTIVE----------- 
