number of entries 139
deathmatch_pbullets 1
deathmatch_pbullets_damage 5
suicide_pbullets 1
[ gm][  pc][p][cm]
[  0][   0]-------------START (level:322)------------- 
[  1][   0]-------------PLAYER 0 ACTIVE (color:9)-- 
[  2][  50][0][ 2]  [    ][    ][    ][  ][RIGHT][    ]
[  3][  58][0][ 1]  [    ][    ][    ][  ][     ][LEFT]
[  4][  64][0][ 3]  [    ][    ][    ][  ][RIGHT][LEFT]
[  5][  67][0][ 1]  [    ][    ][    ][  ][     ][LEFT]
[  6][  82][0][ 0]  [    ][    ][    ][  ][     ][    ]
[  7][  83][0][ 2]  [    ][    ][    ][  ][RIGHT][    ]
[  8][  96][0][ 0]  [    ][    ][    ][  ][     ][    ]
[  9][ 102][0][32]  [FIRE][    ][    ][  ][     ][    ]
[ 10][ 104][0][34]  [FIRE][    ][    ][  ][RIGHT][    ]
[ 11][ 108][0][32]  [FIRE][    ][    ][  ][     ][    ]
[ 12][ 121][0][33]  [FIRE][    ][    ][  ][     ][LEFT]
[ 13][ 138][0][32]  [FIRE][    ][    ][  ][     ][    ]
[ 14][ 147][0][33]  [FIRE][    ][    ][  ][     ][LEFT]
[ 15][ 166][0][49]  [FIRE][JUMP][    ][  ][     ][LEFT]
[ 16][ 192][0][33]  [FIRE][    ][    ][  ][     ][LEFT]
[ 17][ 208][0][32]  [FIRE][    ][    ][  ][     ][    ]
[ 18][ 220][0][48]  [FIRE][JUMP][    ][  ][     ][    ]
[ 19][ 234][0][32]  [FIRE][    ][    ][  ][     ][    ]
[ 20][ 242][0][33]  [FIRE][    ][    ][  ][     ][LEFT]
[ 21][ 247][0][32]  [FIRE][    ][    ][  ][     ][    ]
[ 22][ 255][0][34]  [FIRE][    ][    ][  ][RIGHT][    ]
[ 23][ 259][0][32]  [FIRE][    ][    ][  ][     ][    ]
[ 24][ 281][0][33]  [FIRE][    ][    ][  ][     ][LEFT]
[ 25][ 297][0][32]  [FIRE][    ][    ][  ][     ][    ]
[ 26][ 304][0][34]  [FIRE][    ][    ][  ][RIGHT][    ]
[ 27][ 312][0][50]  [FIRE][JUMP][    ][  ][RIGHT][    ]
[ 28][ 321][0][54]  [FIRE][JUMP][    ][UP][RIGHT][    ]
[ 29][ 333][0][22]  [    ][JUMP][    ][UP][RIGHT][    ]
[ 30][ 336][0][20]  [    ][JUMP][    ][UP][     ][    ]
[ 31][ 337][0][21]  [    ][JUMP][    ][UP][     ][LEFT]
[ 32][ 339][0][17]  [    ][JUMP][    ][  ][     ][LEFT]
[ 33][ 340][0][ 1]  [    ][    ][    ][  ][     ][LEFT]
[ 34][ 341][0][ 0]  [    ][    ][    ][  ][     ][    ]
[ 35][ 406][0][ 2]  [    ][    ][    ][  ][RIGHT][    ]
[ 36][ 411][0][ 0]  [    ][    ][    ][  ][     ][    ]
[ 37][ 419][0][ 1]  [    ][    ][    ][  ][     ][LEFT]
[ 38][ 437][0][33]  [FIRE][    ][    ][  ][     ][LEFT]
[ 39][ 442][0][32]  [FIRE][    ][    ][  ][     ][    ]
[ 40][ 451][0][34]  [FIRE][    ][    ][  ][RIGHT][    ]
[ 41][ 460][0][50]  [FIRE][JUMP][    ][  ][RIGHT][    ]
[ 42][ 462][0][54]  [FIRE][JUMP][    ][UP][RIGHT][    ]
[ 43][ 474][0][22]  [    ][JUMP][    ][UP][RIGHT][    ]
[ 44][ 481][0][18]  [    ][JUMP][    ][  ][RIGHT][    ]
[ 45][ 484][0][ 2]  [    ][    ][    ][  ][RIGHT][    ]
[ 46][ 486][0][ 0]  [    ][    ][    ][  ][     ][    ]
[ 47][ 618][0][ 2]  [    ][    ][    ][  ][RIGHT][    ]
[ 48][ 645][0][ 0]  [    ][    ][    ][  ][     ][    ]
[ 49][ 749][0][ 1]  [    ][    ][    ][  ][     ][LEFT]
[ 50][ 776][0][17]  [    ][JUMP][    ][  ][     ][LEFT]
[ 51][ 783][0][ 1]  [    ][    ][    ][  ][     ][LEFT]
[ 52][ 789][0][ 0]  [    ][    ][    ][  ][     ][    ]
[ 53][ 791][0][ 2]  [    ][    ][    ][  ][RIGHT][    ]
[ 54][ 806][0][34]  [FIRE][    ][    ][  ][RIGHT][    ]
[ 55][ 857][0][32]  [FIRE][    ][    ][  ][     ][    ]
[ 56][ 860][0][33]  [FIRE][    ][    ][  ][     ][LEFT]
[ 57][ 928][0][32]  [FIRE][    ][    ][  ][     ][    ]
[ 58][ 931][0][34]  [FIRE][    ][    ][  ][RIGHT][    ]
[ 59][ 937][0][32]  [FIRE][    ][    ][  ][     ][    ]
[ 60][ 943][0][34]  [FIRE][    ][    ][  ][RIGHT][    ]
[ 61][ 950][0][50]  [FIRE][JUMP][    ][  ][RIGHT][    ]
[ 62][ 953][0][54]  [FIRE][JUMP][    ][UP][RIGHT][    ]
[ 63][ 959][0][20]  [    ][JUMP][    ][UP][     ][    ]
[ 64][ 966][0][ 4]  [    ][    ][    ][UP][     ][    ]
[ 65][ 975][0][ 0]  [    ][    ][    ][  ][     ][    ]
[ 66][ 986][0][ 2]  [    ][    ][    ][  ][RIGHT][    ]
[ 67][1001][0][ 0]  [    ][    ][    ][  ][     ][    ]
[ 68][1103][0][ 8]  [    ][    ][DOWN][  ][     ][    ]
[ 69][1109][0][ 0]  [    ][    ][    ][  ][     ][    ]
[ 70][1191][0][ 2]  [    ][    ][    ][  ][RIGHT][    ]
[ 71][1197][0][ 0]  [    ][    ][    ][  ][     ][    ]
[ 72][1202][0][ 1]  [    ][    ][    ][  ][     ][LEFT]
[ 73][1205][0][ 3]  [    ][    ][    ][  ][RIGHT][LEFT]
[ 74][1206][0][ 2]  [    ][    ][    ][  ][RIGHT][    ]
[ 75][1209][0][ 0]  [    ][    ][    ][  ][     ][    ]
[ 76][1210][0][ 1]  [    ][    ][    ][  ][     ][LEFT]
[ 77][1214][0][ 2]  [    ][    ][    ][  ][RIGHT][    ]
[ 78][1218][0][ 1]  [    ][    ][    ][  ][     ][LEFT]
[ 79][1221][0][ 0]  [    ][    ][    ][  ][     ][    ]
[ 80][1222][0][ 2]  [    ][    ][    ][  ][RIGHT][    ]
[ 81][1226][0][ 1]  [    ][    ][    ][  ][     ][LEFT]
[ 82][1230][0][ 2]  [    ][    ][    ][  ][RIGHT][    ]
[ 83][1234][0][ 0]  [    ][    ][    ][  ][     ][    ]
[ 84][1235][0][ 1]  [    ][    ][    ][  ][     ][LEFT]
[ 85][1238][0][ 2]  [    ][    ][    ][  ][RIGHT][    ]
[ 86][1243][0][ 0]  [    ][    ][    ][  ][     ][    ]
[ 87][1255][0][16]  [    ][JUMP][    ][  ][     ][    ]
[ 88][1257][0][48]  [FIRE][JUMP][    ][  ][     ][    ]
[ 89][1278][0][32]  [FIRE][    ][    ][  ][     ][    ]
[ 90][1282][0][34]  [FIRE][    ][    ][  ][RIGHT][    ]
[ 91][1287][0][32]  [FIRE][    ][    ][  ][     ][    ]
[ 92][1289][0][33]  [FIRE][    ][    ][  ][     ][LEFT]
[ 93][1293][0][32]  [FIRE][    ][    ][  ][     ][    ]
[ 94][1295][0][34]  [FIRE][    ][    ][  ][RIGHT][    ]
[ 95][1297][0][33]  [FIRE][    ][    ][  ][     ][LEFT]
[ 96][1303][0][34]  [FIRE][    ][    ][  ][RIGHT][    ]
[ 97][1305][0][50]  [FIRE][JUMP][    ][  ][RIGHT][    ]
[ 98][1312][0][54]  [FIRE][JUMP][    ][UP][RIGHT][    ]
[ 99][1315][0][52]  [FIRE][JUMP][    ][UP][     ][    ]
[100][1316][0][20]  [    ][JUMP][    ][UP][     ][    ]
[101][1317][0][ 4]  [    ][    ][    ][UP][     ][    ]
[102][1318][0][ 0]  [    ][    ][    ][  ][     ][    ]
[103][1321][0][ 1]  [    ][    ][    ][  ][     ][LEFT]
[104][1344][0][17]  [    ][JUMP][    ][  ][     ][LEFT]
[105][1356][0][ 1]  [    ][    ][    ][  ][     ][LEFT]
[106][1371][0][ 3]  [    ][    ][    ][  ][RIGHT][LEFT]
[107][1375][0][ 2]  [    ][    ][    ][  ][RIGHT][    ]
[108][1378][0][ 0]  [    ][    ][    ][  ][     ][    ]
[109][1379][0][ 1]  [    ][    ][    ][  ][     ][LEFT]
[110][1384][0][17]  [    ][JUMP][    ][  ][     ][LEFT]
[111][1393][0][19]  [    ][JUMP][    ][  ][RIGHT][LEFT]
[112][1394][0][34]  [FIRE][    ][    ][  ][RIGHT][    ]
[113][1398][0][35]  [FIRE][    ][    ][  ][RIGHT][LEFT]
[114][1399][0][33]  [FIRE][    ][    ][  ][     ][LEFT]
[115][1401][0][49]  [FIRE][JUMP][    ][  ][     ][LEFT]
[116][1402][0][17]  [    ][JUMP][    ][  ][     ][LEFT]
[117][1403][0][19]  [    ][JUMP][    ][  ][RIGHT][LEFT]
[118][1404][0][18]  [    ][JUMP][    ][  ][RIGHT][    ]
[119][1406][0][50]  [FIRE][JUMP][    ][  ][RIGHT][    ]
[120][1407][0][34]  [FIRE][    ][    ][  ][RIGHT][    ]
[121][1409][0][35]  [FIRE][    ][    ][  ][RIGHT][LEFT]
[122][1411][0][33]  [FIRE][    ][    ][  ][     ][LEFT]
[123][1412][0][ 1]  [    ][    ][    ][  ][     ][LEFT]
[124][1413][0][17]  [    ][JUMP][    ][  ][     ][LEFT]
[125][1416][0][ 1]  [    ][    ][    ][  ][     ][LEFT]
[126][1417][0][ 0]  [    ][    ][    ][  ][     ][    ]
[127][1421][0][ 2]  [    ][    ][    ][  ][RIGHT][    ]
[128][1427][0][ 0]  [    ][    ][    ][  ][     ][    ]
[129][1432][0][ 2]  [    ][    ][    ][  ][RIGHT][    ]
[130][1438][0][ 0]  [    ][    ][    ][  ][     ][    ]
[131][1442][0][32]  [FIRE][    ][    ][  ][     ][    ]
[132][1450][0][48]  [FIRE][JUMP][    ][  ][     ][    ]
[133][1453][0][50]  [FIRE][JUMP][    ][  ][RIGHT][    ]
[134][1465][0][18]  [    ][JUMP][    ][  ][RIGHT][    ]
[135][1466][0][ 2]  [    ][    ][    ][  ][RIGHT][    ]
[136][1467][0][ 6]  [    ][    ][    ][UP][RIGHT][    ]
[137][1472][0][ 4]  [    ][    ][    ][UP][     ][    ]
[138][1473][0][ 0]  [    ][    ][    ][  ][     ][    ]
