number of entries 1269
deathmatch_pbullets 1
deathmatch_pbullets_damage 5
suicide_pbullets 1
[ gm][  pc][p][cm]
[  0][   0]-------------START (level:92)------------- 
[  1][   0]-------------PLAYER 0 ACTIVE (color:8)-- 
[  2][ 206][0][ 2]  [    ][    ][    ][  ][RIGHT][    ]
[  3][ 218][0][ 0]  [    ][    ][    ][  ][     ][    ]
[  4][ 279][0][ 1]  [    ][    ][    ][  ][     ][LEFT]
[  5][ 281][0][ 0]  [    ][    ][    ][  ][     ][    ]
[  6][ 285][0][16]  [    ][JUMP][    ][  ][     ][    ]
[  7][ 291][0][18]  [    ][JUMP][    ][  ][RIGHT][    ]
[  8][ 296][0][17]  [    ][JUMP][    ][  ][     ][LEFT]
[  9][ 300][0][16]  [    ][JUMP][    ][  ][     ][    ]
[ 10][ 301][0][ 2]  [    ][    ][    ][  ][RIGHT][    ]
[ 11][ 306][0][ 1]  [    ][    ][    ][  ][     ][LEFT]
[ 12][ 309][0][ 0]  [    ][    ][    ][  ][     ][    ]
[ 13][ 316][0][16]  [    ][JUMP][    ][  ][     ][    ]
[ 14][ 327][0][18]  [    ][JUMP][    ][  ][RIGHT][    ]
[ 15][ 332][0][19]  [    ][JUMP][    ][  ][RIGHT][LEFT]
[ 16][ 333][0][17]  [    ][JUMP][    ][  ][     ][LEFT]
[ 17][ 336][0][ 1]  [    ][    ][    ][  ][     ][LEFT]
[ 18][ 337][0][ 0]  [    ][    ][    ][  ][     ][    ]
[ 19][ 338][0][ 2]  [    ][    ][    ][  ][RIGHT][    ]
[ 20][ 342][0][ 0]  [    ][    ][    ][  ][     ][    ]
[ 21][ 343][0][ 1]  [    ][    ][    ][  ][     ][LEFT]
[ 22][ 347][0][ 0]  [    ][    ][    ][  ][     ][    ]
[ 23][ 348][0][16]  [    ][JUMP][    ][  ][     ][    ]
[ 24][ 350][0][18]  [    ][JUMP][    ][  ][RIGHT][    ]
[ 25][ 353][0][22]  [    ][JUMP][    ][UP][RIGHT][    ]
[ 26][ 355][0][52]  [FIRE][JUMP][    ][UP][     ][    ]
[ 27][ 356][0][49]  [FIRE][JUMP][    ][  ][     ][LEFT]
[ 28][ 357][0][33]  [FIRE][    ][    ][  ][     ][LEFT]
[ 29][ 360][0][36]  [FIRE][    ][    ][UP][     ][    ]
[ 30][ 362][0][20]  [    ][JUMP][    ][UP][     ][    ]
[ 31][ 365][0][17]  [    ][JUMP][    ][  ][     ][LEFT]
[ 32][ 366][0][49]  [FIRE][JUMP][    ][  ][     ][LEFT]
[ 33][ 369][0][36]  [FIRE][    ][    ][UP][     ][    ]
[ 34][ 373][0][ 4]  [    ][    ][    ][UP][     ][    ]
[ 35][ 374][0][16]  [    ][JUMP][    ][  ][     ][    ]
[ 36][ 377][0][22]  [    ][JUMP][    ][UP][RIGHT][    ]
[ 37][ 379][0][54]  [FIRE][JUMP][    ][UP][RIGHT][    ]
[ 38][ 380][0][38]  [FIRE][    ][    ][UP][RIGHT][    ]
[ 39][ 381][0][36]  [FIRE][    ][    ][UP][     ][    ]
[ 40][ 382][0][33]  [FIRE][    ][    ][  ][     ][LEFT]
[ 41][ 384][0][17]  [    ][JUMP][    ][  ][     ][LEFT]
[ 42][ 386][0][20]  [    ][JUMP][    ][UP][     ][    ]
[ 43][ 390][0][52]  [FIRE][JUMP][    ][UP][     ][    ]
[ 44][ 391][0][36]  [FIRE][    ][    ][UP][     ][    ]
[ 45][ 392][0][38]  [FIRE][    ][    ][UP][RIGHT][    ]
[ 46][ 396][0][34]  [FIRE][    ][    ][  ][RIGHT][    ]
[ 47][ 397][0][ 0]  [    ][    ][    ][  ][     ][    ]
[ 48][ 418][0][16]  [    ][JUMP][    ][  ][     ][    ]
[ 49][ 425][0][18]  [    ][JUMP][    ][  ][RIGHT][    ]
[ 50][ 428][0][50]  [FIRE][JUMP][    ][  ][RIGHT][    ]
[ 51][ 429][0][48]  [FIRE][JUMP][    ][  ][     ][    ]
[ 52][ 430][0][32]  [FIRE][    ][    ][  ][     ][    ]
[ 53][ 434][0][ 0]  [    ][    ][    ][  ][     ][    ]
[ 54][ 436][0][16]  [    ][JUMP][    ][  ][     ][    ]
[ 55][ 439][0][48]  [FIRE][JUMP][    ][  ][     ][    ]
[ 56][ 442][0][32]  [FIRE][    ][    ][  ][     ][    ]
[ 57][ 444][0][ 0]  [    ][    ][    ][  ][     ][    ]
[ 58][ 451][0][16]  [    ][JUMP][    ][  ][     ][    ]
[ 59][ 452][0][48]  [FIRE][JUMP][    ][  ][     ][    ]
[ 60][ 453][0][52]  [FIRE][JUMP][    ][UP][     ][    ]
[ 61][ 455][0][36]  [FIRE][    ][    ][UP][     ][    ]
[ 62][ 460][0][20]  [    ][JUMP][    ][UP][     ][    ]
[ 63][ 464][0][52]  [FIRE][JUMP][    ][UP][     ][    ]
[ 64][ 466][0][36]  [FIRE][    ][    ][UP][     ][    ]
[ 65][ 470][0][20]  [    ][JUMP][    ][UP][     ][    ]
[ 66][ 475][0][52]  [FIRE][JUMP][    ][UP][     ][    ]
[ 67][ 477][0][36]  [FIRE][    ][    ][UP][     ][    ]
[ 68][ 482][0][ 4]  [    ][    ][    ][UP][     ][    ]
[ 69][ 485][0][ 0]  [    ][    ][    ][  ][     ][    ]
[ 70][ 508][0][ 1]  [    ][    ][    ][  ][     ][LEFT]
[ 71][ 512][0][ 0]  [    ][    ][    ][  ][     ][    ]
[ 72][ 542][0][ 2]  [    ][    ][    ][  ][RIGHT][    ]
[ 73][ 546][0][ 0]  [    ][    ][    ][  ][     ][    ]
[ 74][ 567][0][ 1]  [    ][    ][    ][  ][     ][LEFT]
[ 75][ 569][0][ 0]  [    ][    ][    ][  ][     ][    ]
[ 76][ 614][0][16]  [    ][JUMP][    ][  ][     ][    ]
[ 77][ 619][0][48]  [FIRE][JUMP][    ][  ][     ][    ]
[ 78][ 622][0][40]  [FIRE][    ][DOWN][  ][     ][    ]
[ 79][ 626][0][56]  [FIRE][JUMP][DOWN][  ][     ][    ]
[ 80][ 628][0][24]  [    ][JUMP][DOWN][  ][     ][    ]
[ 81][ 632][0][56]  [FIRE][JUMP][DOWN][  ][     ][    ]
[ 82][ 633][0][40]  [FIRE][    ][DOWN][  ][     ][    ]
[ 83][ 637][0][ 8]  [    ][    ][DOWN][  ][     ][    ]
[ 84][ 649][0][ 0]  [    ][    ][    ][  ][     ][    ]
[ 85][ 848][0][ 1]  [    ][    ][    ][  ][     ][LEFT]
[ 86][ 853][0][ 0]  [    ][    ][    ][  ][     ][    ]
[ 87][ 859][0][ 1]  [    ][    ][    ][  ][     ][LEFT]
[ 88][ 871][0][ 0]  [    ][    ][    ][  ][     ][    ]
[ 89][1104][0][ 2]  [    ][    ][    ][  ][RIGHT][    ]
[ 90][1127][0][ 0]  [    ][    ][    ][  ][     ][    ]
[ 91][1171][0][ 2]  [    ][    ][    ][  ][RIGHT][    ]
[ 92][1183][0][ 0]  [    ][    ][    ][  ][     ][    ]
[ 93][1248][0][ 1]  [    ][    ][    ][  ][     ][LEFT]
[ 94][1261][0][ 0]  [    ][    ][    ][  ][     ][    ]
[ 95][1272][0][ 2]  [    ][    ][    ][  ][RIGHT][    ]
[ 96][1290][0][ 0]  [    ][    ][    ][  ][     ][    ]
[ 97][1291][0][ 1]  [    ][    ][    ][  ][     ][LEFT]
[ 98][1312][0][ 2]  [    ][    ][    ][  ][RIGHT][    ]
[ 99][1336][0][ 0]  [    ][    ][    ][  ][     ][    ]
[100][1337][0][ 1]  [    ][    ][    ][  ][     ][LEFT]
[101][1362][0][ 2]  [    ][    ][    ][  ][RIGHT][    ]
[102][1388][0][ 1]  [    ][    ][    ][  ][     ][LEFT]
[103][1412][0][ 3]  [    ][    ][    ][  ][RIGHT][LEFT]
[104][1415][0][ 2]  [    ][    ][    ][  ][RIGHT][    ]
[105][1438][0][ 0]  [    ][    ][    ][  ][     ][    ]
[106][1452][0][ 2]  [    ][    ][    ][  ][RIGHT][    ]
[107][1460][0][ 0]  [    ][    ][    ][  ][     ][    ]
[108][1468][0][ 1]  [    ][    ][    ][  ][     ][LEFT]
[109][1479][0][ 0]  [    ][    ][    ][  ][     ][    ]
[110][1482][0][ 2]  [    ][    ][    ][  ][RIGHT][    ]
[111][1488][0][ 0]  [    ][    ][    ][  ][     ][    ]
[112][1490][0][ 2]  [    ][    ][    ][  ][RIGHT][    ]
[113][1495][0][ 1]  [    ][    ][    ][  ][     ][LEFT]
[114][1500][0][ 0]  [    ][    ][    ][  ][     ][    ]
[115][1501][0][ 2]  [    ][    ][    ][  ][RIGHT][    ]
[116][1504][0][ 0]  [    ][    ][    ][  ][     ][    ]
[117][1505][0][ 1]  [    ][    ][    ][  ][     ][LEFT]
[118][1509][0][ 2]  [    ][    ][    ][  ][RIGHT][    ]
[119][1513][0][ 1]  [    ][    ][    ][  ][     ][LEFT]
[120][1518][0][ 2]  [    ][    ][    ][  ][RIGHT][    ]
[121][1522][0][ 0]  [    ][    ][    ][  ][     ][    ]
[122][1524][0][ 1]  [    ][    ][    ][  ][     ][LEFT]
[123][1526][0][ 0]  [    ][    ][    ][  ][     ][    ]
[124][1527][0][ 2]  [    ][    ][    ][  ][RIGHT][    ]
[125][1532][0][ 1]  [    ][    ][    ][  ][     ][LEFT]
[126][1536][0][ 2]  [    ][    ][    ][  ][RIGHT][    ]
[127][1541][0][ 1]  [    ][    ][    ][  ][     ][LEFT]
[128][1545][0][ 0]  [    ][    ][    ][  ][     ][    ]
[129][1546][0][ 2]  [    ][    ][    ][  ][RIGHT][    ]
[130][1550][0][ 1]  [    ][    ][    ][  ][     ][LEFT]
[131][1555][0][ 0]  [    ][    ][    ][  ][     ][    ]
[132][1556][0][ 2]  [    ][    ][    ][  ][RIGHT][    ]
[133][1560][0][ 1]  [    ][    ][    ][  ][     ][LEFT]
[134][1565][0][ 2]  [    ][    ][    ][  ][RIGHT][    ]
[135][1570][0][ 1]  [    ][    ][    ][  ][     ][LEFT]
[136][1574][0][ 0]  [    ][    ][    ][  ][     ][    ]
[137][1575][0][ 2]  [    ][    ][    ][  ][RIGHT][    ]
[138][1580][0][ 1]  [    ][    ][    ][  ][     ][LEFT]
[139][1584][0][ 0]  [    ][    ][    ][  ][     ][    ]
[140][1585][0][ 2]  [    ][    ][    ][  ][RIGHT][    ]
[141][1589][0][ 1]  [    ][    ][    ][  ][     ][LEFT]
[142][1593][0][ 0]  [    ][    ][    ][  ][     ][    ]
[143][1594][0][ 2]  [    ][    ][    ][  ][RIGHT][    ]
[144][1598][0][ 1]  [    ][    ][    ][  ][     ][LEFT]
[145][1602][0][ 0]  [    ][    ][    ][  ][     ][    ]
[146][1603][0][ 2]  [    ][    ][    ][  ][RIGHT][    ]
[147][1607][0][ 1]  [    ][    ][    ][  ][     ][LEFT]
[148][1611][0][ 0]  [    ][    ][    ][  ][     ][    ]
[149][1765][0][ 2]  [    ][    ][    ][  ][RIGHT][    ]
[150][1773][0][16]  [    ][JUMP][    ][  ][     ][    ]
[151][1785][0][ 0]  [    ][    ][    ][  ][     ][    ]
[152][1796][0][ 2]  [    ][    ][    ][  ][RIGHT][    ]
[153][1803][0][ 0]  [    ][    ][    ][  ][     ][    ]
[154][1806][0][ 1]  [    ][    ][    ][  ][     ][LEFT]
[155][1812][0][ 0]  [    ][    ][    ][  ][     ][    ]
[156][1813][0][ 2]  [    ][    ][    ][  ][RIGHT][    ]
[157][1817][0][ 3]  [    ][    ][    ][  ][RIGHT][LEFT]
[158][1818][0][ 1]  [    ][    ][    ][  ][     ][LEFT]
[159][1821][0][ 0]  [    ][    ][    ][  ][     ][    ]
[160][1822][0][ 2]  [    ][    ][    ][  ][RIGHT][    ]
[161][1826][0][ 3]  [    ][    ][    ][  ][RIGHT][LEFT]
[162][1827][0][ 1]  [    ][    ][    ][  ][     ][LEFT]
[163][1831][0][ 2]  [    ][    ][    ][  ][RIGHT][    ]
[164][1836][0][ 0]  [    ][    ][    ][  ][     ][    ]
[165][1837][0][ 1]  [    ][    ][    ][  ][     ][LEFT]
[166][1840][0][ 0]  [    ][    ][    ][  ][     ][    ]
[167][1841][0][ 2]  [    ][    ][    ][  ][RIGHT][    ]
[168][1845][0][ 1]  [    ][    ][    ][  ][     ][LEFT]
[169][1849][0][ 0]  [    ][    ][    ][  ][     ][    ]
[170][1851][0][ 2]  [    ][    ][    ][  ][RIGHT][    ]
[171][1855][0][ 1]  [    ][    ][    ][  ][     ][LEFT]
[172][1860][0][ 2]  [    ][    ][    ][  ][RIGHT][    ]
[173][1865][0][ 1]  [    ][    ][    ][  ][     ][LEFT]
[174][1868][0][ 0]  [    ][    ][    ][  ][     ][    ]
[175][1869][0][ 2]  [    ][    ][    ][  ][RIGHT][    ]
[176][1872][0][ 0]  [    ][    ][    ][  ][     ][    ]
[177][1881][0][16]  [    ][JUMP][    ][  ][     ][    ]
[178][1897][0][ 0]  [    ][    ][    ][  ][     ][    ]
[179][1916][0][16]  [    ][JUMP][    ][  ][     ][    ]
[180][1925][0][ 0]  [    ][    ][    ][  ][     ][    ]
[181][1948][0][16]  [    ][JUMP][    ][  ][     ][    ]
[182][1956][0][ 0]  [    ][    ][    ][  ][     ][    ]
[183][1977][0][16]  [    ][JUMP][    ][  ][     ][    ]
[184][1984][0][ 0]  [    ][    ][    ][  ][     ][    ]
[185][2005][0][16]  [    ][JUMP][    ][  ][     ][    ]
[186][2012][0][ 0]  [    ][    ][    ][  ][     ][    ]
[187][2034][0][16]  [    ][JUMP][    ][  ][     ][    ]
[188][2039][0][18]  [    ][JUMP][    ][  ][RIGHT][    ]
[189][2045][0][ 2]  [    ][    ][    ][  ][RIGHT][    ]
[190][2053][0][ 0]  [    ][    ][    ][  ][     ][    ]
[191][2064][0][ 1]  [    ][    ][    ][  ][     ][LEFT]
[192][2069][0][ 0]  [    ][    ][    ][  ][     ][    ]
[193][2078][0][ 1]  [    ][    ][    ][  ][     ][LEFT]
[194][2082][0][ 0]  [    ][    ][    ][  ][     ][    ]
[195][2083][0][ 4]  [    ][    ][    ][UP][     ][    ]
[196][2084][0][ 6]  [    ][    ][    ][UP][RIGHT][    ]
[197][2085][0][ 4]  [    ][    ][    ][UP][     ][    ]
[198][2087][0][ 0]  [    ][    ][    ][  ][     ][    ]
[199][2088][0][ 1]  [    ][    ][    ][  ][     ][LEFT]
[200][2093][0][ 6]  [    ][    ][    ][UP][RIGHT][    ]
[201][2095][0][ 4]  [    ][    ][    ][UP][     ][    ]
[202][2096][0][ 0]  [    ][    ][    ][  ][     ][    ]
[203][2100][0][16]  [    ][JUMP][    ][  ][     ][    ]
[204][2110][0][18]  [    ][JUMP][    ][  ][RIGHT][    ]
[205][2112][0][ 2]  [    ][    ][    ][  ][RIGHT][    ]
[206][2117][0][ 3]  [    ][    ][    ][  ][RIGHT][LEFT]
[207][2121][0][ 2]  [    ][    ][    ][  ][RIGHT][    ]
[208][2122][0][ 6]  [    ][    ][    ][UP][RIGHT][    ]
[209][2125][0][ 0]  [    ][    ][    ][  ][     ][    ]
[210][2132][0][16]  [    ][JUMP][    ][  ][     ][    ]
[211][2133][0][20]  [    ][JUMP][    ][UP][     ][    ]
[212][2135][0][52]  [FIRE][JUMP][    ][UP][     ][    ]
[213][2142][0][36]  [FIRE][    ][    ][UP][     ][    ]
[214][2144][0][ 4]  [    ][    ][    ][UP][     ][    ]
[215][2155][0][ 5]  [    ][    ][    ][UP][     ][LEFT]
[216][2159][0][ 4]  [    ][    ][    ][UP][     ][    ]
[217][2165][0][36]  [FIRE][    ][    ][UP][     ][    ]
[218][2166][0][52]  [FIRE][JUMP][    ][UP][     ][    ]
[219][2174][0][20]  [    ][JUMP][    ][UP][     ][    ]
[220][2176][0][ 5]  [    ][    ][    ][UP][     ][LEFT]
[221][2183][0][ 1]  [    ][    ][    ][  ][     ][LEFT]
[222][2191][0][ 0]  [    ][    ][    ][  ][     ][    ]
[223][2197][0][48]  [FIRE][JUMP][    ][  ][     ][    ]
[224][2208][0][ 1]  [    ][    ][    ][  ][     ][LEFT]
[225][2215][0][ 0]  [    ][    ][    ][  ][     ][    ]
[226][2217][0][ 1]  [    ][    ][    ][  ][     ][LEFT]
[227][2223][0][ 0]  [    ][    ][    ][  ][     ][    ]
[228][2226][0][48]  [FIRE][JUMP][    ][  ][     ][    ]
[229][2235][0][49]  [FIRE][JUMP][    ][  ][     ][LEFT]
[230][2238][0][ 1]  [    ][    ][    ][  ][     ][LEFT]
[231][2243][0][ 0]  [    ][    ][    ][  ][     ][    ]
[232][2246][0][ 1]  [    ][    ][    ][  ][     ][LEFT]
[233][2252][0][ 0]  [    ][    ][    ][  ][     ][    ]
[234][2257][0][32]  [FIRE][    ][    ][  ][     ][    ]
[235][2258][0][48]  [FIRE][JUMP][    ][  ][     ][    ]
[236][2263][0][50]  [FIRE][JUMP][    ][  ][RIGHT][    ]
[237][2269][0][ 2]  [    ][    ][    ][  ][RIGHT][    ]
[238][2281][0][ 0]  [    ][    ][    ][  ][     ][    ]
[239][2287][0][48]  [FIRE][JUMP][    ][  ][     ][    ]
[240][2290][0][50]  [FIRE][JUMP][    ][  ][RIGHT][    ]
[241][2298][0][ 2]  [    ][    ][    ][  ][RIGHT][    ]
[242][2301][0][ 0]  [    ][    ][    ][  ][     ][    ]
[243][2308][0][ 2]  [    ][    ][    ][  ][RIGHT][    ]
[244][2318][0][ 0]  [    ][    ][    ][  ][     ][    ]
[245][2320][0][16]  [    ][JUMP][    ][  ][     ][    ]
[246][2329][0][18]  [    ][JUMP][    ][  ][RIGHT][    ]
[247][2337][0][ 2]  [    ][    ][    ][  ][RIGHT][    ]
[248][2352][0][ 0]  [    ][    ][    ][  ][     ][    ]
[249][2476][0][ 2]  [    ][    ][    ][  ][RIGHT][    ]
[250][2480][0][32]  [FIRE][    ][    ][  ][     ][    ]
[251][2483][0][ 0]  [    ][    ][    ][  ][     ][    ]
[252][2487][0][32]  [FIRE][    ][    ][  ][     ][    ]
[253][2490][0][ 0]  [    ][    ][    ][  ][     ][    ]
[254][2494][0][32]  [FIRE][    ][    ][  ][     ][    ]
[255][2497][0][ 0]  [    ][    ][    ][  ][     ][    ]
[256][2501][0][32]  [FIRE][    ][    ][  ][     ][    ]
[257][2504][0][ 0]  [    ][    ][    ][  ][     ][    ]
[258][2508][0][32]  [FIRE][    ][    ][  ][     ][    ]
[259][2511][0][ 0]  [    ][    ][    ][  ][     ][    ]
[260][2516][0][32]  [FIRE][    ][    ][  ][     ][    ]
[261][2519][0][ 0]  [    ][    ][    ][  ][     ][    ]
[262][2523][0][32]  [FIRE][    ][    ][  ][     ][    ]
[263][2526][0][ 0]  [    ][    ][    ][  ][     ][    ]
[264][2530][0][32]  [FIRE][    ][    ][  ][     ][    ]
[265][2535][0][ 0]  [    ][    ][    ][  ][     ][    ]
[266][2539][0][33]  [FIRE][    ][    ][  ][     ][LEFT]
[267][2542][0][ 1]  [    ][    ][    ][  ][     ][LEFT]
[268][2546][0][ 0]  [    ][    ][    ][  ][     ][    ]
[269][2547][0][32]  [FIRE][    ][    ][  ][     ][    ]
[270][2551][0][ 0]  [    ][    ][    ][  ][     ][    ]
[271][2555][0][32]  [FIRE][    ][    ][  ][     ][    ]
[272][2556][0][34]  [FIRE][    ][    ][  ][RIGHT][    ]
[273][2559][0][ 2]  [    ][    ][    ][  ][RIGHT][    ]
[274][2562][0][48]  [FIRE][JUMP][    ][  ][     ][    ]
[275][2565][0][16]  [    ][JUMP][    ][  ][     ][    ]
[276][2572][0][48]  [FIRE][JUMP][    ][  ][     ][    ]
[277][2576][0][32]  [FIRE][    ][    ][  ][     ][    ]
[278][2578][0][ 0]  [    ][    ][    ][  ][     ][    ]
[279][2580][0][16]  [    ][JUMP][    ][  ][     ][    ]
[280][2583][0][48]  [FIRE][JUMP][    ][  ][     ][    ]
[281][2585][0][32]  [FIRE][    ][    ][  ][     ][    ]
[282][2589][0][48]  [FIRE][JUMP][    ][  ][     ][    ]
[283][2590][0][16]  [    ][JUMP][    ][  ][     ][    ]
[284][2595][0][48]  [FIRE][JUMP][    ][  ][     ][    ]
[285][2596][0][32]  [FIRE][    ][    ][  ][     ][    ]
[286][2601][0][48]  [FIRE][JUMP][    ][  ][     ][    ]
[287][2602][0][16]  [    ][JUMP][    ][  ][     ][    ]
[288][2607][0][48]  [FIRE][JUMP][    ][  ][     ][    ]
[289][2614][0][16]  [    ][JUMP][    ][  ][     ][    ]
[290][2620][0][48]  [FIRE][JUMP][    ][  ][     ][    ]
[291][2622][0][32]  [FIRE][    ][    ][  ][     ][    ]
[292][2628][0][ 0]  [    ][    ][    ][  ][     ][    ]
[293][2636][0][32]  [FIRE][    ][    ][  ][     ][    ]
[294][2640][0][34]  [FIRE][    ][    ][  ][RIGHT][    ]
[295][2644][0][18]  [    ][JUMP][    ][  ][RIGHT][    ]
[296][2648][0][16]  [    ][JUMP][    ][  ][     ][    ]
[297][2649][0][48]  [FIRE][JUMP][    ][  ][     ][    ]
[298][2651][0][32]  [FIRE][    ][    ][  ][     ][    ]
[299][2654][0][ 0]  [    ][    ][    ][  ][     ][    ]
[300][2658][0][32]  [FIRE][    ][    ][  ][     ][    ]
[301][2663][0][ 0]  [    ][    ][    ][  ][     ][    ]
[302][2667][0][32]  [FIRE][    ][    ][  ][     ][    ]
[303][2670][0][ 0]  [    ][    ][    ][  ][     ][    ]
[304][2675][0][32]  [FIRE][    ][    ][  ][     ][    ]
[305][2677][0][ 0]  [    ][    ][    ][  ][     ][    ]
[306][2682][0][32]  [FIRE][    ][    ][  ][     ][    ]
[307][2686][0][ 0]  [    ][    ][    ][  ][     ][    ]
[308][2690][0][32]  [FIRE][    ][    ][  ][     ][    ]
[309][2693][0][ 0]  [    ][    ][    ][  ][     ][    ]
[310][2697][0][32]  [FIRE][    ][    ][  ][     ][    ]
[311][2700][0][33]  [FIRE][    ][    ][  ][     ][LEFT]
[312][2702][0][ 1]  [    ][    ][    ][  ][     ][LEFT]
[313][2703][0][17]  [    ][JUMP][    ][  ][     ][LEFT]
[314][2704][0][21]  [    ][JUMP][    ][UP][     ][LEFT]
[315][2708][0][52]  [FIRE][JUMP][    ][UP][     ][    ]
[316][2710][0][53]  [FIRE][JUMP][    ][UP][     ][LEFT]
[317][2713][0][21]  [    ][JUMP][    ][UP][     ][LEFT]
[318][2714][0][20]  [    ][JUMP][    ][UP][     ][    ]
[319][2718][0][54]  [FIRE][JUMP][    ][UP][RIGHT][    ]
[320][2719][0][38]  [FIRE][    ][    ][UP][RIGHT][    ]
[321][2721][0][37]  [FIRE][    ][    ][UP][     ][LEFT]
[322][2723][0][ 1]  [    ][    ][    ][  ][     ][LEFT]
[323][2726][0][ 5]  [    ][    ][    ][UP][     ][LEFT]
[324][2727][0][36]  [FIRE][    ][    ][UP][     ][    ]
[325][2731][0][38]  [FIRE][    ][    ][UP][RIGHT][    ]
[326][2732][0][ 6]  [    ][    ][    ][UP][RIGHT][    ]
[327][2746][0][38]  [FIRE][    ][    ][UP][RIGHT][    ]
[328][2754][0][ 6]  [    ][    ][    ][UP][RIGHT][    ]
[329][2759][0][38]  [FIRE][    ][    ][UP][RIGHT][    ]
[330][2763][0][36]  [FIRE][    ][    ][UP][     ][    ]
[331][2764][0][ 4]  [    ][    ][    ][UP][     ][    ]
[332][2766][0][ 1]  [    ][    ][    ][  ][     ][LEFT]
[333][2768][0][33]  [FIRE][    ][    ][  ][     ][LEFT]
[334][2773][0][ 0]  [    ][    ][    ][  ][     ][    ]
[335][2777][0][32]  [FIRE][    ][    ][  ][     ][    ]
[336][2780][0][ 0]  [    ][    ][    ][  ][     ][    ]
[337][2783][0][ 2]  [    ][    ][    ][  ][RIGHT][    ]
[338][2785][0][34]  [FIRE][    ][    ][  ][RIGHT][    ]
[339][2791][0][ 2]  [    ][    ][    ][  ][RIGHT][    ]
[340][2793][0][ 0]  [    ][    ][    ][  ][     ][    ]
[341][2796][0][32]  [FIRE][    ][    ][  ][     ][    ]
[342][2799][0][34]  [FIRE][    ][    ][  ][RIGHT][    ]
[343][2800][0][ 2]  [    ][    ][    ][  ][RIGHT][    ]
[344][2805][0][34]  [FIRE][    ][    ][  ][RIGHT][    ]
[345][2809][0][33]  [FIRE][    ][    ][  ][     ][LEFT]
[346][2811][0][ 1]  [    ][    ][    ][  ][     ][LEFT]
[347][2814][0][ 0]  [    ][    ][    ][  ][     ][    ]
[348][2815][0][ 2]  [    ][    ][    ][  ][RIGHT][    ]
[349][2823][0][18]  [    ][JUMP][    ][  ][RIGHT][    ]
[350][2834][0][ 0]  [    ][    ][    ][  ][     ][    ]
[351][2836][0][ 1]  [    ][    ][    ][  ][     ][LEFT]
[352][2850][0][ 0]  [    ][    ][    ][  ][     ][    ]
[353][2854][0][16]  [    ][JUMP][    ][  ][     ][    ]
[354][2861][0][17]  [    ][JUMP][    ][  ][     ][LEFT]
[355][2873][0][49]  [FIRE][JUMP][    ][  ][     ][LEFT]
[356][2875][0][33]  [FIRE][    ][    ][  ][     ][LEFT]
[357][2877][0][ 1]  [    ][    ][    ][  ][     ][LEFT]
[358][2882][0][33]  [FIRE][    ][    ][  ][     ][LEFT]
[359][2887][0][ 1]  [    ][    ][    ][  ][     ][LEFT]
[360][2891][0][ 0]  [    ][    ][    ][  ][     ][    ]
[361][2897][0][16]  [    ][JUMP][    ][  ][     ][    ]
[362][2898][0][18]  [    ][JUMP][    ][  ][RIGHT][    ]
[363][2903][0][48]  [FIRE][JUMP][    ][  ][     ][    ]
[364][2912][0][49]  [FIRE][JUMP][    ][  ][     ][LEFT]
[365][2919][0][33]  [FIRE][    ][    ][  ][     ][LEFT]
[366][2922][0][ 1]  [    ][    ][    ][  ][     ][LEFT]
[367][2925][0][ 0]  [    ][    ][    ][  ][     ][    ]
[368][2940][0][16]  [    ][JUMP][    ][  ][     ][    ]
[369][2951][0][18]  [    ][JUMP][    ][  ][RIGHT][    ]
[370][2953][0][50]  [FIRE][JUMP][    ][  ][RIGHT][    ]
[371][2955][0][32]  [FIRE][    ][    ][  ][     ][    ]
[372][2957][0][33]  [FIRE][    ][    ][  ][     ][LEFT]
[373][2958][0][ 1]  [    ][    ][    ][  ][     ][LEFT]
[374][2962][0][33]  [FIRE][    ][    ][  ][     ][LEFT]
[375][2965][0][32]  [FIRE][    ][    ][  ][     ][    ]
[376][2967][0][ 0]  [    ][    ][    ][  ][     ][    ]
[377][2971][0][36]  [FIRE][    ][    ][UP][     ][    ]
[378][2976][0][ 4]  [    ][    ][    ][UP][     ][    ]
[379][2979][0][20]  [    ][JUMP][    ][UP][     ][    ]
[380][2987][0][52]  [FIRE][JUMP][    ][UP][     ][    ]
[381][2989][0][36]  [FIRE][    ][    ][UP][     ][    ]
[382][2993][0][ 4]  [    ][    ][    ][UP][     ][    ]
[383][2997][0][36]  [FIRE][    ][    ][UP][     ][    ]
[384][3001][0][ 4]  [    ][    ][    ][UP][     ][    ]
[385][3005][0][36]  [FIRE][    ][    ][UP][     ][    ]
[386][3009][0][38]  [FIRE][    ][    ][UP][RIGHT][    ]
[387][3010][0][ 6]  [    ][    ][    ][UP][RIGHT][    ]
[388][3017][0][22]  [    ][JUMP][    ][UP][RIGHT][    ]
[389][3020][0][18]  [    ][JUMP][    ][  ][RIGHT][    ]
[390][3083][0][ 2]  [    ][    ][    ][  ][RIGHT][    ]
[391][3094][0][ 0]  [    ][    ][    ][  ][     ][    ]
[392][3122][0][ 8]  [    ][    ][DOWN][  ][     ][    ]
[393][3127][0][ 0]  [    ][    ][    ][  ][     ][    ]
[394][3159][0][ 1]  [    ][    ][    ][  ][     ][LEFT]
[395][3166][0][ 0]  [    ][    ][    ][  ][     ][    ]
[396][3179][0][ 2]  [    ][    ][    ][  ][RIGHT][    ]
[397][3189][0][ 0]  [    ][    ][    ][  ][     ][    ]
[398][3218][0][ 1]  [    ][    ][    ][  ][     ][LEFT]
[399][3309][0][ 0]  [    ][    ][    ][  ][     ][    ]
[400][3314][0][ 2]  [    ][    ][    ][  ][RIGHT][    ]
[401][3324][0][ 0]  [    ][    ][    ][  ][     ][    ]
[402][3332][0][ 2]  [    ][    ][    ][  ][RIGHT][    ]
[403][3337][0][ 0]  [    ][    ][    ][  ][     ][    ]
[404][3339][0][ 1]  [    ][    ][    ][  ][     ][LEFT]
[405][3341][0][ 0]  [    ][    ][    ][  ][     ][    ]
[406][3342][0][ 2]  [    ][    ][    ][  ][RIGHT][    ]
[407][3347][0][ 1]  [    ][    ][    ][  ][     ][LEFT]
[408][3351][0][ 0]  [    ][    ][    ][  ][     ][    ]
[409][3352][0][ 2]  [    ][    ][    ][  ][RIGHT][    ]
[410][3356][0][ 1]  [    ][    ][    ][  ][     ][LEFT]
[411][3360][0][ 0]  [    ][    ][    ][  ][     ][    ]
[412][3362][0][ 2]  [    ][    ][    ][  ][RIGHT][    ]
[413][3366][0][ 1]  [    ][    ][    ][  ][     ][LEFT]
[414][3371][0][ 2]  [    ][    ][    ][  ][RIGHT][    ]
[415][3375][0][ 0]  [    ][    ][    ][  ][     ][    ]
[416][3378][0][ 1]  [    ][    ][    ][  ][     ][LEFT]
[417][3383][0][ 0]  [    ][    ][    ][  ][     ][    ]
[418][3390][0][16]  [    ][JUMP][    ][  ][     ][    ]
[419][3408][0][ 0]  [    ][    ][    ][  ][     ][    ]
[420][3432][0][16]  [    ][JUMP][    ][  ][     ][    ]
[421][3440][0][ 0]  [    ][    ][    ][  ][     ][    ]
[422][3461][0][16]  [    ][JUMP][    ][  ][     ][    ]
[423][3473][0][ 0]  [    ][    ][    ][  ][     ][    ]
[424][3491][0][16]  [    ][JUMP][    ][  ][     ][    ]
[425][3503][0][18]  [    ][JUMP][    ][  ][RIGHT][    ]
[426][3509][0][ 2]  [    ][    ][    ][  ][RIGHT][    ]
[427][3523][0][34]  [FIRE][    ][    ][  ][RIGHT][    ]
[428][3538][0][32]  [FIRE][    ][    ][  ][     ][    ]
[429][3543][0][33]  [FIRE][    ][    ][  ][     ][LEFT]
[430][3553][0][49]  [FIRE][JUMP][    ][  ][     ][LEFT]
[431][3571][0][17]  [    ][JUMP][    ][  ][     ][LEFT]
[432][3572][0][ 1]  [    ][    ][    ][  ][     ][LEFT]
[433][3573][0][ 0]  [    ][    ][    ][  ][     ][    ]
[434][3581][0][ 2]  [    ][    ][    ][  ][RIGHT][    ]
[435][3593][0][34]  [FIRE][    ][    ][  ][RIGHT][    ]
[436][3611][0][32]  [FIRE][    ][    ][  ][     ][    ]
[437][3613][0][33]  [FIRE][    ][    ][  ][     ][LEFT]
[438][3620][0][49]  [FIRE][JUMP][    ][  ][     ][LEFT]
[439][3645][0][ 1]  [    ][    ][    ][  ][     ][LEFT]
[440][3648][0][ 0]  [    ][    ][    ][  ][     ][    ]
[441][3662][0][ 2]  [    ][    ][    ][  ][RIGHT][    ]
[442][3675][0][ 0]  [    ][    ][    ][  ][     ][    ]
[443][3678][0][ 2]  [    ][    ][    ][  ][RIGHT][    ]
[444][3687][0][ 0]  [    ][    ][    ][  ][     ][    ]
[445][3705][0][ 1]  [    ][    ][    ][  ][     ][LEFT]
[446][3715][0][ 0]  [    ][    ][    ][  ][     ][    ]
[447][3720][0][ 2]  [    ][    ][    ][  ][RIGHT][    ]
[448][3735][0][34]  [FIRE][    ][    ][  ][RIGHT][    ]
[449][3743][0][32]  [FIRE][    ][    ][  ][     ][    ]
[450][3746][0][33]  [FIRE][    ][    ][  ][     ][LEFT]
[451][3748][0][49]  [FIRE][JUMP][    ][  ][     ][LEFT]
[452][3765][0][17]  [    ][JUMP][    ][  ][     ][LEFT]
[453][3767][0][ 1]  [    ][    ][    ][  ][     ][LEFT]
[454][3771][0][ 0]  [    ][    ][    ][  ][     ][    ]
[455][3781][0][ 2]  [    ][    ][    ][  ][RIGHT][    ]
[456][3787][0][34]  [FIRE][    ][    ][  ][RIGHT][    ]
[457][3806][0][32]  [FIRE][    ][    ][  ][     ][    ]
[458][3813][0][33]  [FIRE][    ][    ][  ][     ][LEFT]
[459][3815][0][49]  [FIRE][JUMP][    ][  ][     ][LEFT]
[460][3832][0][17]  [    ][JUMP][    ][  ][     ][LEFT]
[461][3836][0][ 1]  [    ][    ][    ][  ][     ][LEFT]
[462][3839][0][ 0]  [    ][    ][    ][  ][     ][    ]
[463][3917][0][ 1]  [    ][    ][    ][  ][     ][LEFT]
[464][3934][0][ 0]  [    ][    ][    ][  ][     ][    ]
[465][3950][0][ 2]  [    ][    ][    ][  ][RIGHT][    ]
[466][3987][0][34]  [FIRE][    ][    ][  ][RIGHT][    ]
[467][3989][0][32]  [FIRE][    ][    ][  ][     ][    ]
[468][3996][0][33]  [FIRE][    ][    ][  ][     ][LEFT]
[469][4002][0][49]  [FIRE][JUMP][    ][  ][     ][LEFT]
[470][4019][0][17]  [    ][JUMP][    ][  ][     ][LEFT]
[471][4021][0][ 1]  [    ][    ][    ][  ][     ][LEFT]
[472][4022][0][ 0]  [    ][    ][    ][  ][     ][    ]
[473][4037][0][ 2]  [    ][    ][    ][  ][RIGHT][    ]
[474][4064][0][34]  [FIRE][    ][    ][  ][RIGHT][    ]
[475][4067][0][32]  [FIRE][    ][    ][  ][     ][    ]
[476][4071][0][33]  [FIRE][    ][    ][  ][     ][LEFT]
[477][4094][0][32]  [FIRE][    ][    ][  ][     ][    ]
[478][4109][0][48]  [FIRE][JUMP][    ][  ][     ][    ]
[479][4110][0][49]  [FIRE][JUMP][    ][  ][     ][LEFT]
[480][4120][0][17]  [    ][JUMP][    ][  ][     ][LEFT]
[481][4121][0][ 1]  [    ][    ][    ][  ][     ][LEFT]
[482][4123][0][ 0]  [    ][    ][    ][  ][     ][    ]
[483][4227][0][ 1]  [    ][    ][    ][  ][     ][LEFT]
[484][4302][0][ 0]  [    ][    ][    ][  ][     ][    ]
[485][4315][0][ 8]  [    ][    ][DOWN][  ][     ][    ]
[486][4320][0][ 0]  [    ][    ][    ][  ][     ][    ]
[487][4346][0][ 2]  [    ][    ][    ][  ][RIGHT][    ]
[488][4351][0][ 0]  [    ][    ][    ][  ][     ][    ]
[489][4355][0][ 1]  [    ][    ][    ][  ][     ][LEFT]
[490][4363][0][ 0]  [    ][    ][    ][  ][     ][    ]
[491][4376][0][ 2]  [    ][    ][    ][  ][RIGHT][    ]
[492][4381][0][ 1]  [    ][    ][    ][  ][     ][LEFT]
[493][4386][0][ 3]  [    ][    ][    ][  ][RIGHT][LEFT]
[494][4387][0][ 2]  [    ][    ][    ][  ][RIGHT][    ]
[495][4393][0][ 1]  [    ][    ][    ][  ][     ][LEFT]
[496][4400][0][ 0]  [    ][    ][    ][  ][     ][    ]
[497][4407][0][ 1]  [    ][    ][    ][  ][     ][LEFT]
[498][4413][0][ 0]  [    ][    ][    ][  ][     ][    ]
[499][4422][0][48]  [FIRE][JUMP][    ][  ][     ][    ]
[500][4434][0][32]  [FIRE][    ][    ][  ][     ][    ]
[501][4437][0][50]  [FIRE][JUMP][    ][  ][RIGHT][    ]
[502][4439][0][18]  [    ][JUMP][    ][  ][RIGHT][    ]
[503][4444][0][48]  [FIRE][JUMP][    ][  ][     ][    ]
[504][4446][0][32]  [FIRE][    ][    ][  ][     ][    ]
[505][4450][0][ 0]  [    ][    ][    ][  ][     ][    ]
[506][4455][0][32]  [FIRE][    ][    ][  ][     ][    ]
[507][4459][0][ 0]  [    ][    ][    ][  ][     ][    ]
[508][4463][0][16]  [    ][JUMP][    ][  ][     ][    ]
[509][4465][0][48]  [FIRE][JUMP][    ][  ][     ][    ]
[510][4469][0][32]  [FIRE][    ][    ][  ][     ][    ]
[511][4474][0][48]  [FIRE][JUMP][    ][  ][     ][    ]
[512][4476][0][16]  [    ][JUMP][    ][  ][     ][    ]
[513][4480][0][48]  [FIRE][JUMP][    ][  ][     ][    ]
[514][4482][0][32]  [FIRE][    ][    ][  ][     ][    ]
[515][4486][0][ 0]  [    ][    ][    ][  ][     ][    ]
[516][4487][0][16]  [    ][JUMP][    ][  ][     ][    ]
[517][4491][0][48]  [FIRE][JUMP][    ][  ][     ][    ]
[518][4492][0][32]  [FIRE][    ][    ][  ][     ][    ]
[519][4496][0][ 0]  [    ][    ][    ][  ][     ][    ]
[520][4498][0][16]  [    ][JUMP][    ][  ][     ][    ]
[521][4501][0][48]  [FIRE][JUMP][    ][  ][     ][    ]
[522][4503][0][32]  [FIRE][    ][    ][  ][     ][    ]
[523][4507][0][ 0]  [    ][    ][    ][  ][     ][    ]
[524][4508][0][16]  [    ][JUMP][    ][  ][     ][    ]
[525][4513][0][48]  [FIRE][JUMP][    ][  ][     ][    ]
[526][4514][0][32]  [FIRE][    ][    ][  ][     ][    ]
[527][4518][0][ 0]  [    ][    ][    ][  ][     ][    ]
[528][4519][0][16]  [    ][JUMP][    ][  ][     ][    ]
[529][4523][0][48]  [FIRE][JUMP][    ][  ][     ][    ]
[530][4525][0][32]  [FIRE][    ][    ][  ][     ][    ]
[531][4528][0][ 0]  [    ][    ][    ][  ][     ][    ]
[532][4529][0][16]  [    ][JUMP][    ][  ][     ][    ]
[533][4533][0][48]  [FIRE][JUMP][    ][  ][     ][    ]
[534][4539][0][16]  [    ][JUMP][    ][  ][     ][    ]
[535][4544][0][48]  [FIRE][JUMP][    ][  ][     ][    ]
[536][4547][0][32]  [FIRE][    ][    ][  ][     ][    ]
[537][4549][0][ 0]  [    ][    ][    ][  ][     ][    ]
[538][4550][0][16]  [    ][JUMP][    ][  ][     ][    ]
[539][4555][0][48]  [FIRE][JUMP][    ][  ][     ][    ]
[540][4556][0][32]  [FIRE][    ][    ][  ][     ][    ]
[541][4560][0][ 0]  [    ][    ][    ][  ][     ][    ]
[542][4567][0][32]  [FIRE][    ][    ][  ][     ][    ]
[543][4572][0][ 0]  [    ][    ][    ][  ][     ][    ]
[544][4576][0][32]  [FIRE][    ][    ][  ][     ][    ]
[545][4579][0][ 0]  [    ][    ][    ][  ][     ][    ]
[546][4583][0][32]  [FIRE][    ][    ][  ][     ][    ]
[547][4587][0][ 0]  [    ][    ][    ][  ][     ][    ]
[548][4592][0][32]  [FIRE][    ][    ][  ][     ][    ]
[549][4597][0][48]  [FIRE][JUMP][    ][  ][     ][    ]
[550][4602][0][16]  [    ][JUMP][    ][  ][     ][    ]
[551][4609][0][ 0]  [    ][    ][    ][  ][     ][    ]
[552][4627][0][32]  [FIRE][    ][    ][  ][     ][    ]
[553][4632][0][ 0]  [    ][    ][    ][  ][     ][    ]
[554][4636][0][32]  [FIRE][    ][    ][  ][     ][    ]
[555][4640][0][ 0]  [    ][    ][    ][  ][     ][    ]
[556][4644][0][32]  [FIRE][    ][    ][  ][     ][    ]
[557][4647][0][ 0]  [    ][    ][    ][  ][     ][    ]
[558][4652][0][32]  [FIRE][    ][    ][  ][     ][    ]
[559][4655][0][ 0]  [    ][    ][    ][  ][     ][    ]
[560][4659][0][32]  [FIRE][    ][    ][  ][     ][    ]
[561][4663][0][ 0]  [    ][    ][    ][  ][     ][    ]
[562][4666][0][32]  [FIRE][    ][    ][  ][     ][    ]
[563][4671][0][ 0]  [    ][    ][    ][  ][     ][    ]
[564][4675][0][32]  [FIRE][    ][    ][  ][     ][    ]
[565][4679][0][ 0]  [    ][    ][    ][  ][     ][    ]
[566][4683][0][32]  [FIRE][    ][    ][  ][     ][    ]
[567][4686][0][ 0]  [    ][    ][    ][  ][     ][    ]
[568][4691][0][32]  [FIRE][    ][    ][  ][     ][    ]
[569][4695][0][ 0]  [    ][    ][    ][  ][     ][    ]
[570][4703][0][ 2]  [    ][    ][    ][  ][RIGHT][    ]
[571][4737][0][34]  [FIRE][    ][    ][  ][RIGHT][    ]
[572][4742][0][ 2]  [    ][    ][    ][  ][RIGHT][    ]
[573][4746][0][34]  [FIRE][    ][    ][  ][RIGHT][    ]
[574][4749][0][ 2]  [    ][    ][    ][  ][RIGHT][    ]
[575][4754][0][34]  [FIRE][    ][    ][  ][RIGHT][    ]
[576][4757][0][ 2]  [    ][    ][    ][  ][RIGHT][    ]
[577][4761][0][34]  [FIRE][    ][    ][  ][RIGHT][    ]
[578][4765][0][ 2]  [    ][    ][    ][  ][RIGHT][    ]
[579][4770][0][34]  [FIRE][    ][    ][  ][RIGHT][    ]
[580][4773][0][ 2]  [    ][    ][    ][  ][RIGHT][    ]
[581][4777][0][34]  [FIRE][    ][    ][  ][RIGHT][    ]
[582][4781][0][ 2]  [    ][    ][    ][  ][RIGHT][    ]
[583][4784][0][ 0]  [    ][    ][    ][  ][     ][    ]
[584][4786][0][32]  [FIRE][    ][    ][  ][     ][    ]
[585][4790][0][ 2]  [    ][    ][    ][  ][RIGHT][    ]
[586][4795][0][34]  [FIRE][    ][    ][  ][RIGHT][    ]
[587][4798][0][38]  [FIRE][    ][    ][UP][RIGHT][    ]
[588][4803][0][54]  [FIRE][JUMP][    ][UP][RIGHT][    ]
[589][4804][0][22]  [    ][JUMP][    ][UP][RIGHT][    ]
[590][4817][0][ 6]  [    ][    ][    ][UP][RIGHT][    ]
[591][4819][0][38]  [FIRE][    ][    ][UP][RIGHT][    ]
[592][4822][0][ 6]  [    ][    ][    ][UP][RIGHT][    ]
[593][4826][0][ 4]  [    ][    ][    ][UP][     ][    ]
[594][4828][0][ 0]  [    ][    ][    ][  ][     ][    ]
[595][4833][0][38]  [FIRE][    ][    ][UP][RIGHT][    ]
[596][4838][0][ 6]  [    ][    ][    ][UP][RIGHT][    ]
[597][4840][0][ 4]  [    ][    ][    ][UP][     ][    ]
[598][4842][0][36]  [FIRE][    ][    ][UP][     ][    ]
[599][4846][0][ 4]  [    ][    ][    ][UP][     ][    ]
[600][4848][0][ 6]  [    ][    ][    ][UP][RIGHT][    ]
[601][4851][0][36]  [FIRE][    ][    ][UP][     ][    ]
[602][4857][0][ 4]  [    ][    ][    ][UP][     ][    ]
[603][4860][0][36]  [FIRE][    ][    ][UP][     ][    ]
[604][4865][0][ 4]  [    ][    ][    ][UP][     ][    ]
[605][4869][0][36]  [FIRE][    ][    ][UP][     ][    ]
[606][4873][0][ 4]  [    ][    ][    ][UP][     ][    ]
[607][4876][0][36]  [FIRE][    ][    ][UP][     ][    ]
[608][4880][0][ 4]  [    ][    ][    ][UP][     ][    ]
[609][4883][0][36]  [FIRE][    ][    ][UP][     ][    ]
[610][4886][0][37]  [FIRE][    ][    ][UP][     ][LEFT]
[611][4887][0][ 5]  [    ][    ][    ][UP][     ][LEFT]
[612][4891][0][37]  [FIRE][    ][    ][UP][     ][LEFT]
[613][4894][0][ 5]  [    ][    ][    ][UP][     ][LEFT]
[614][4899][0][36]  [FIRE][    ][    ][UP][     ][    ]
[615][4902][0][ 4]  [    ][    ][    ][UP][     ][    ]
[616][4904][0][ 6]  [    ][    ][    ][UP][RIGHT][    ]
[617][4906][0][38]  [FIRE][    ][    ][UP][RIGHT][    ]
[618][4911][0][ 6]  [    ][    ][    ][UP][RIGHT][    ]
[619][4914][0][ 4]  [    ][    ][    ][UP][     ][    ]
[620][4917][0][36]  [FIRE][    ][    ][UP][     ][    ]
[621][4924][0][52]  [FIRE][JUMP][    ][UP][     ][    ]
[622][4926][0][20]  [    ][JUMP][    ][UP][     ][    ]
[623][4930][0][22]  [    ][JUMP][    ][UP][RIGHT][    ]
[624][4935][0][53]  [FIRE][JUMP][    ][UP][     ][LEFT]
[625][4936][0][37]  [FIRE][    ][    ][UP][     ][LEFT]
[626][4937][0][33]  [FIRE][    ][    ][  ][     ][LEFT]
[627][4942][0][ 0]  [    ][    ][    ][  ][     ][    ]
[628][4949][0][ 1]  [    ][    ][    ][  ][     ][LEFT]
[629][4954][0][ 0]  [    ][    ][    ][  ][     ][    ]
[630][4957][0][ 2]  [    ][    ][    ][  ][RIGHT][    ]
[631][4968][0][18]  [    ][JUMP][    ][  ][RIGHT][    ]
[632][4974][0][17]  [    ][JUMP][    ][  ][     ][LEFT]
[633][4976][0][33]  [FIRE][    ][    ][  ][     ][LEFT]
[634][4980][0][ 1]  [    ][    ][    ][  ][     ][LEFT]
[635][4981][0][ 0]  [    ][    ][    ][  ][     ][    ]
[636][4985][0][32]  [FIRE][    ][    ][  ][     ][    ]
[637][4987][0][ 0]  [    ][    ][    ][  ][     ][    ]
[638][4992][0][36]  [FIRE][    ][    ][UP][     ][    ]
[639][4995][0][ 4]  [    ][    ][    ][UP][     ][    ]
[640][4999][0][36]  [FIRE][    ][    ][UP][     ][    ]
[641][5003][0][ 4]  [    ][    ][    ][UP][     ][    ]
[642][5008][0][36]  [FIRE][    ][    ][UP][     ][    ]
[643][5011][0][ 4]  [    ][    ][    ][UP][     ][    ]
[644][5014][0][ 6]  [    ][    ][    ][UP][RIGHT][    ]
[645][5016][0][38]  [FIRE][    ][    ][UP][RIGHT][    ]
[646][5020][0][ 4]  [    ][    ][    ][UP][     ][    ]
[647][5024][0][36]  [FIRE][    ][    ][UP][     ][    ]
[648][5028][0][ 4]  [    ][    ][    ][UP][     ][    ]
[649][5032][0][36]  [FIRE][    ][    ][UP][     ][    ]
[650][5036][0][ 4]  [    ][    ][    ][UP][     ][    ]
[651][5040][0][36]  [FIRE][    ][    ][UP][     ][    ]
[652][5041][0][37]  [FIRE][    ][    ][UP][     ][LEFT]
[653][5043][0][ 5]  [    ][    ][    ][UP][     ][LEFT]
[654][5047][0][37]  [FIRE][    ][    ][UP][     ][LEFT]
[655][5049][0][36]  [FIRE][    ][    ][UP][     ][    ]
[656][5052][0][ 5]  [    ][    ][    ][UP][     ][LEFT]
[657][5055][0][ 1]  [    ][    ][    ][  ][     ][LEFT]
[658][5174][0][ 0]  [    ][    ][    ][  ][     ][    ]
[659][5176][0][ 2]  [    ][    ][    ][  ][RIGHT][    ]
[660][5193][0][ 0]  [    ][    ][    ][  ][     ][    ]
[661][5195][0][ 1]  [    ][    ][    ][  ][     ][LEFT]
[662][5200][0][ 2]  [    ][    ][    ][  ][RIGHT][    ]
[663][5203][0][ 0]  [    ][    ][    ][  ][     ][    ]
[664][5204][0][ 1]  [    ][    ][    ][  ][     ][LEFT]
[665][5209][0][ 2]  [    ][    ][    ][  ][RIGHT][    ]
[666][5215][0][ 0]  [    ][    ][    ][  ][     ][    ]
[667][5219][0][ 1]  [    ][    ][    ][  ][     ][LEFT]
[668][5221][0][ 2]  [    ][    ][    ][  ][RIGHT][    ]
[669][5242][0][18]  [    ][JUMP][    ][  ][RIGHT][    ]
[670][5285][0][ 2]  [    ][    ][    ][  ][RIGHT][    ]
[671][5310][0][ 0]  [    ][    ][    ][  ][     ][    ]
[672][5311][0][ 1]  [    ][    ][    ][  ][     ][LEFT]
[673][5326][0][ 0]  [    ][    ][    ][  ][     ][    ]
[674][5329][0][48]  [FIRE][JUMP][    ][  ][     ][    ]
[675][5347][0][54]  [FIRE][JUMP][    ][UP][RIGHT][    ]
[676][5354][0][36]  [FIRE][    ][    ][UP][     ][    ]
[677][5365][0][32]  [FIRE][    ][    ][  ][     ][    ]
[678][5366][0][ 0]  [    ][    ][    ][  ][     ][    ]
[679][5381][0][ 2]  [    ][    ][    ][  ][RIGHT][    ]
[680][5386][0][ 0]  [    ][    ][    ][  ][     ][    ]
[681][5398][0][ 6]  [    ][    ][    ][UP][RIGHT][    ]
[682][5400][0][ 4]  [    ][    ][    ][UP][     ][    ]
[683][5402][0][ 0]  [    ][    ][    ][  ][     ][    ]
[684][5407][0][48]  [FIRE][JUMP][    ][  ][     ][    ]
[685][5409][0][52]  [FIRE][JUMP][    ][UP][     ][    ]
[686][5421][0][20]  [    ][JUMP][    ][UP][     ][    ]
[687][5423][0][21]  [    ][JUMP][    ][UP][     ][LEFT]
[688][5424][0][20]  [    ][JUMP][    ][UP][     ][    ]
[689][5425][0][ 4]  [    ][    ][    ][UP][     ][    ]
[690][5429][0][ 0]  [    ][    ][    ][  ][     ][    ]
[691][5433][0][ 2]  [    ][    ][    ][  ][RIGHT][    ]
[692][5442][0][18]  [    ][JUMP][    ][  ][RIGHT][    ]
[693][5470][0][ 2]  [    ][    ][    ][  ][RIGHT][    ]
[694][5487][0][ 0]  [    ][    ][    ][  ][     ][    ]
[695][5504][0][ 8]  [    ][    ][DOWN][  ][     ][    ]
[696][5507][0][ 0]  [    ][    ][    ][  ][     ][    ]
[697][5563][0][ 1]  [    ][    ][    ][  ][     ][LEFT]
[698][5589][0][ 0]  [    ][    ][    ][  ][     ][    ]
[699][5598][0][ 1]  [    ][    ][    ][  ][     ][LEFT]
[700][5608][0][ 0]  [    ][    ][    ][  ][     ][    ]
[701][5609][0][ 2]  [    ][    ][    ][  ][RIGHT][    ]
[702][5615][0][ 3]  [    ][    ][    ][  ][RIGHT][LEFT]
[703][5616][0][ 1]  [    ][    ][    ][  ][     ][LEFT]
[704][5622][0][ 2]  [    ][    ][    ][  ][RIGHT][    ]
[705][5628][0][ 1]  [    ][    ][    ][  ][     ][LEFT]
[706][5632][0][ 0]  [    ][    ][    ][  ][     ][    ]
[707][5637][0][ 2]  [    ][    ][    ][  ][RIGHT][    ]
[708][5639][0][ 0]  [    ][    ][    ][  ][     ][    ]
[709][5730][0][ 1]  [    ][    ][    ][  ][     ][LEFT]
[710][5755][0][ 3]  [    ][    ][    ][  ][RIGHT][LEFT]
[711][5756][0][ 2]  [    ][    ][    ][  ][RIGHT][    ]
[712][5776][0][18]  [    ][JUMP][    ][  ][RIGHT][    ]
[713][5788][0][ 2]  [    ][    ][    ][  ][RIGHT][    ]
[714][5821][0][ 0]  [    ][    ][    ][  ][     ][    ]
[715][5876][0][ 1]  [    ][    ][    ][  ][     ][LEFT]
[716][5897][0][17]  [    ][JUMP][    ][  ][     ][LEFT]
[717][5911][0][ 1]  [    ][    ][    ][  ][     ][LEFT]
[718][5936][0][33]  [FIRE][    ][    ][  ][     ][LEFT]
[719][5942][0][ 1]  [    ][    ][    ][  ][     ][LEFT]
[720][5945][0][17]  [    ][JUMP][    ][  ][     ][LEFT]
[721][5946][0][16]  [    ][JUMP][    ][  ][     ][    ]
[722][5948][0][48]  [FIRE][JUMP][    ][  ][     ][    ]
[723][5955][0][16]  [    ][JUMP][    ][  ][     ][    ]
[724][5959][0][48]  [FIRE][JUMP][    ][  ][     ][    ]
[725][5960][0][32]  [FIRE][    ][    ][  ][     ][    ]
[726][5964][0][16]  [    ][JUMP][    ][  ][     ][    ]
[727][5968][0][49]  [FIRE][JUMP][    ][  ][     ][LEFT]
[728][5971][0][33]  [FIRE][    ][    ][  ][     ][LEFT]
[729][5974][0][ 1]  [    ][    ][    ][  ][     ][LEFT]
[730][6016][0][ 0]  [    ][    ][    ][  ][     ][    ]
[731][6035][0][18]  [    ][JUMP][    ][  ][RIGHT][    ]
[732][6041][0][50]  [FIRE][JUMP][    ][  ][RIGHT][    ]
[733][6042][0][34]  [FIRE][    ][    ][  ][RIGHT][    ]
[734][6044][0][32]  [FIRE][    ][    ][  ][     ][    ]
[735][6046][0][ 0]  [    ][    ][    ][  ][     ][    ]
[736][6050][0][32]  [FIRE][    ][    ][  ][     ][    ]
[737][6054][0][ 0]  [    ][    ][    ][  ][     ][    ]
[738][6058][0][32]  [FIRE][    ][    ][  ][     ][    ]
[739][6060][0][ 0]  [    ][    ][    ][  ][     ][    ]
[740][6065][0][32]  [FIRE][    ][    ][  ][     ][    ]
[741][6068][0][ 0]  [    ][    ][    ][  ][     ][    ]
[742][6073][0][32]  [FIRE][    ][    ][  ][     ][    ]
[743][6076][0][ 0]  [    ][    ][    ][  ][     ][    ]
[744][6080][0][32]  [FIRE][    ][    ][  ][     ][    ]
[745][6083][0][ 0]  [    ][    ][    ][  ][     ][    ]
[746][6087][0][ 1]  [    ][    ][    ][  ][     ][LEFT]
[747][6088][0][33]  [FIRE][    ][    ][  ][     ][LEFT]
[748][6089][0][17]  [    ][JUMP][    ][  ][     ][LEFT]
[749][6103][0][ 1]  [    ][    ][    ][  ][     ][LEFT]
[750][6115][0][ 0]  [    ][    ][    ][  ][     ][    ]
[751][6117][0][16]  [    ][JUMP][    ][  ][     ][    ]
[752][6130][0][17]  [    ][JUMP][    ][  ][     ][LEFT]
[753][6150][0][ 1]  [    ][    ][    ][  ][     ][LEFT]
[754][6172][0][ 0]  [    ][    ][    ][  ][     ][    ]
[755][6190][0][ 2]  [    ][    ][    ][  ][RIGHT][    ]
[756][6229][0][ 0]  [    ][    ][    ][  ][     ][    ]
[757][6231][0][ 1]  [    ][    ][    ][  ][     ][LEFT]
[758][6237][0][ 0]  [    ][    ][    ][  ][     ][    ]
[759][6252][0][ 2]  [    ][    ][    ][  ][RIGHT][    ]
[760][6256][0][ 0]  [    ][    ][    ][  ][     ][    ]
[761][6265][0][16]  [    ][JUMP][    ][  ][     ][    ]
[762][6269][0][48]  [FIRE][JUMP][    ][  ][     ][    ]
[763][6272][0][32]  [FIRE][    ][    ][  ][     ][    ]
[764][6275][0][16]  [    ][JUMP][    ][  ][     ][    ]
[765][6279][0][48]  [FIRE][JUMP][    ][  ][     ][    ]
[766][6281][0][32]  [FIRE][    ][    ][  ][     ][    ]
[767][6283][0][ 0]  [    ][    ][    ][  ][     ][    ]
[768][6288][0][48]  [FIRE][JUMP][    ][  ][     ][    ]
[769][6291][0][32]  [FIRE][    ][    ][  ][     ][    ]
[770][6293][0][ 0]  [    ][    ][    ][  ][     ][    ]
[771][6294][0][16]  [    ][JUMP][    ][  ][     ][    ]
[772][6298][0][48]  [FIRE][JUMP][    ][  ][     ][    ]
[773][6300][0][32]  [FIRE][    ][    ][  ][     ][    ]
[774][6303][0][ 0]  [    ][    ][    ][  ][     ][    ]
[775][6304][0][16]  [    ][JUMP][    ][  ][     ][    ]
[776][6307][0][48]  [FIRE][JUMP][    ][  ][     ][    ]
[777][6309][0][32]  [FIRE][    ][    ][  ][     ][    ]
[778][6314][0][16]  [    ][JUMP][    ][  ][     ][    ]
[779][6319][0][48]  [FIRE][JUMP][    ][  ][     ][    ]
[780][6320][0][32]  [FIRE][    ][    ][  ][     ][    ]
[781][6325][0][16]  [    ][JUMP][    ][  ][     ][    ]
[782][6330][0][48]  [FIRE][JUMP][    ][  ][     ][    ]
[783][6331][0][32]  [FIRE][    ][    ][  ][     ][    ]
[784][6336][0][16]  [    ][JUMP][    ][  ][     ][    ]
[785][6341][0][48]  [FIRE][JUMP][    ][  ][     ][    ]
[786][6346][0][16]  [    ][JUMP][    ][  ][     ][    ]
[787][6351][0][48]  [FIRE][JUMP][    ][  ][     ][    ]
[788][6352][0][32]  [FIRE][    ][    ][  ][     ][    ]
[789][6357][0][ 0]  [    ][    ][    ][  ][     ][    ]
[790][6358][0][16]  [    ][JUMP][    ][  ][     ][    ]
[791][6361][0][18]  [    ][JUMP][    ][  ][RIGHT][    ]
[792][6362][0][50]  [FIRE][JUMP][    ][  ][RIGHT][    ]
[793][6364][0][34]  [FIRE][    ][    ][  ][RIGHT][    ]
[794][6368][0][ 2]  [    ][    ][    ][  ][RIGHT][    ]
[795][6389][0][18]  [    ][JUMP][    ][  ][RIGHT][    ]
[796][6396][0][50]  [FIRE][JUMP][    ][  ][RIGHT][    ]
[797][6399][0][34]  [FIRE][    ][    ][  ][RIGHT][    ]
[798][6401][0][ 2]  [    ][    ][    ][  ][RIGHT][    ]
[799][6403][0][18]  [    ][JUMP][    ][  ][RIGHT][    ]
[800][6407][0][50]  [FIRE][JUMP][    ][  ][RIGHT][    ]
[801][6409][0][34]  [FIRE][    ][    ][  ][RIGHT][    ]
[802][6412][0][ 2]  [    ][    ][    ][  ][RIGHT][    ]
[803][6414][0][18]  [    ][JUMP][    ][  ][RIGHT][    ]
[804][6417][0][50]  [FIRE][JUMP][    ][  ][RIGHT][    ]
[805][6419][0][34]  [FIRE][    ][    ][  ][RIGHT][    ]
[806][6423][0][ 2]  [    ][    ][    ][  ][RIGHT][    ]
[807][6424][0][18]  [    ][JUMP][    ][  ][RIGHT][    ]
[808][6428][0][50]  [FIRE][JUMP][    ][  ][RIGHT][    ]
[809][6430][0][34]  [FIRE][    ][    ][  ][RIGHT][    ]
[810][6433][0][ 2]  [    ][    ][    ][  ][RIGHT][    ]
[811][6491][0][ 0]  [    ][    ][    ][  ][     ][    ]
[812][6732][0][ 2]  [    ][    ][    ][  ][RIGHT][    ]
[813][6760][0][ 0]  [    ][    ][    ][  ][     ][    ]
[814][6778][0][ 2]  [    ][    ][    ][  ][RIGHT][    ]
[815][6783][0][ 0]  [    ][    ][    ][  ][     ][    ]
[816][6789][0][16]  [    ][JUMP][    ][  ][     ][    ]
[817][6807][0][17]  [    ][JUMP][    ][  ][     ][LEFT]
[818][6810][0][16]  [    ][JUMP][    ][  ][     ][    ]
[819][6856][0][ 0]  [    ][    ][    ][  ][     ][    ]
[820][6907][0][16]  [    ][JUMP][    ][  ][     ][    ]
[821][6960][0][17]  [    ][JUMP][    ][  ][     ][LEFT]
[822][6969][0][ 1]  [    ][    ][    ][  ][     ][LEFT]
[823][6979][0][ 0]  [    ][    ][    ][  ][     ][    ]
[824][6984][0][ 1]  [    ][    ][    ][  ][     ][LEFT]
[825][6989][0][ 0]  [    ][    ][    ][  ][     ][    ]
[826][7028][0][ 1]  [    ][    ][    ][  ][     ][LEFT]
[827][7040][0][ 0]  [    ][    ][    ][  ][     ][    ]
[828][7095][0][ 1]  [    ][    ][    ][  ][     ][LEFT]
[829][7128][0][ 0]  [    ][    ][    ][  ][     ][    ]
[830][7260][0][ 2]  [    ][    ][    ][  ][RIGHT][    ]
[831][7267][0][16]  [    ][JUMP][    ][  ][     ][    ]
[832][7274][0][ 0]  [    ][    ][    ][  ][     ][    ]
[833][7329][0][ 1]  [    ][    ][    ][  ][     ][LEFT]
[834][7336][0][ 0]  [    ][    ][    ][  ][     ][    ]
[835][7507][0][ 2]  [    ][    ][    ][  ][RIGHT][    ]
[836][7521][0][ 1]  [    ][    ][    ][  ][     ][LEFT]
[837][7527][0][ 2]  [    ][    ][    ][  ][RIGHT][    ]
[838][7532][0][ 1]  [    ][    ][    ][  ][     ][LEFT]
[839][7536][0][ 0]  [    ][    ][    ][  ][     ][    ]
[840][7537][0][ 2]  [    ][    ][    ][  ][RIGHT][    ]
[841][7541][0][ 3]  [    ][    ][    ][  ][RIGHT][LEFT]
[842][7542][0][ 1]  [    ][    ][    ][  ][     ][LEFT]
[843][7547][0][ 2]  [    ][    ][    ][  ][RIGHT][    ]
[844][7553][0][ 3]  [    ][    ][    ][  ][RIGHT][LEFT]
[845][7555][0][ 1]  [    ][    ][    ][  ][     ][LEFT]
[846][7561][0][ 3]  [    ][    ][    ][  ][RIGHT][LEFT]
[847][7562][0][ 2]  [    ][    ][    ][  ][RIGHT][    ]
[848][7566][0][ 3]  [    ][    ][    ][  ][RIGHT][LEFT]
[849][7567][0][ 1]  [    ][    ][    ][  ][     ][LEFT]
[850][7582][0][17]  [    ][JUMP][    ][  ][     ][LEFT]
[851][7586][0][16]  [    ][JUMP][    ][  ][     ][    ]
[852][7596][0][ 0]  [    ][    ][    ][  ][     ][    ]
[853][7619][0][16]  [    ][JUMP][    ][  ][     ][    ]
[854][7627][0][ 0]  [    ][    ][    ][  ][     ][    ]
[855][7651][0][16]  [    ][JUMP][    ][  ][     ][    ]
[856][7658][0][ 0]  [    ][    ][    ][  ][     ][    ]
[857][7680][0][16]  [    ][JUMP][    ][  ][     ][    ]
[858][7687][0][ 0]  [    ][    ][    ][  ][     ][    ]
[859][7708][0][16]  [    ][JUMP][    ][  ][     ][    ]
[860][7715][0][18]  [    ][JUMP][    ][  ][RIGHT][    ]
[861][7726][0][ 2]  [    ][    ][    ][  ][RIGHT][    ]
[862][7728][0][ 0]  [    ][    ][    ][  ][     ][    ]
[863][7774][0][ 2]  [    ][    ][    ][  ][RIGHT][    ]
[864][7779][0][18]  [    ][JUMP][    ][  ][RIGHT][    ]
[865][7795][0][ 2]  [    ][    ][    ][  ][RIGHT][    ]
[866][7816][0][18]  [    ][JUMP][    ][  ][RIGHT][    ]
[867][7822][0][16]  [    ][JUMP][    ][  ][     ][    ]
[868][7823][0][ 0]  [    ][    ][    ][  ][     ][    ]
[869][7829][0][ 2]  [    ][    ][    ][  ][RIGHT][    ]
[870][7837][0][ 3]  [    ][    ][    ][  ][RIGHT][LEFT]
[871][7841][0][ 2]  [    ][    ][    ][  ][RIGHT][    ]
[872][7844][0][ 0]  [    ][    ][    ][  ][     ][    ]
[873][7858][0][ 2]  [    ][    ][    ][  ][RIGHT][    ]
[874][7864][0][ 0]  [    ][    ][    ][  ][     ][    ]
[875][7893][0][ 2]  [    ][    ][    ][  ][RIGHT][    ]
[876][7898][0][ 0]  [    ][    ][    ][  ][     ][    ]
[877][7938][0][ 2]  [    ][    ][    ][  ][RIGHT][    ]
[878][7946][0][ 0]  [    ][    ][    ][  ][     ][    ]
[879][7982][0][ 2]  [    ][    ][    ][  ][RIGHT][    ]
[880][7991][0][ 0]  [    ][    ][    ][  ][     ][    ]
[881][8012][0][16]  [    ][JUMP][    ][  ][     ][    ]
[882][8028][0][17]  [    ][JUMP][    ][  ][     ][LEFT]
[883][8041][0][ 1]  [    ][    ][    ][  ][     ][LEFT]
[884][8042][0][ 0]  [    ][    ][    ][  ][     ][    ]
[885][8051][0][ 2]  [    ][    ][    ][  ][RIGHT][    ]
[886][8053][0][18]  [    ][JUMP][    ][  ][RIGHT][    ]
[887][8072][0][ 2]  [    ][    ][    ][  ][RIGHT][    ]
[888][8082][0][ 0]  [    ][    ][    ][  ][     ][    ]
[889][8087][0][16]  [    ][JUMP][    ][  ][     ][    ]
[890][8092][0][18]  [    ][JUMP][    ][  ][RIGHT][    ]
[891][8112][0][ 2]  [    ][    ][    ][  ][RIGHT][    ]
[892][8117][0][ 0]  [    ][    ][    ][  ][     ][    ]
[893][8137][0][ 1]  [    ][    ][    ][  ][     ][LEFT]
[894][8144][0][ 0]  [    ][    ][    ][  ][     ][    ]
[895][8158][0][ 2]  [    ][    ][    ][  ][RIGHT][    ]
[896][8170][0][ 0]  [    ][    ][    ][  ][     ][    ]
[897][8178][0][ 2]  [    ][    ][    ][  ][RIGHT][    ]
[898][8200][0][ 0]  [    ][    ][    ][  ][     ][    ]
[899][8209][0][ 2]  [    ][    ][    ][  ][RIGHT][    ]
[900][8221][0][ 0]  [    ][    ][    ][  ][     ][    ]
[901][8246][0][ 2]  [    ][    ][    ][  ][RIGHT][    ]
[902][8260][0][ 0]  [    ][    ][    ][  ][     ][    ]
[903][8268][0][ 2]  [    ][    ][    ][  ][RIGHT][    ]
[904][8296][0][18]  [    ][JUMP][    ][  ][RIGHT][    ]
[905][8304][0][ 2]  [    ][    ][    ][  ][RIGHT][    ]
[906][8351][0][ 0]  [    ][    ][    ][  ][     ][    ]
[907][8358][0][ 8]  [    ][    ][DOWN][  ][     ][    ]
[908][8364][0][ 0]  [    ][    ][    ][  ][     ][    ]
[909][8555][0][ 1]  [    ][    ][    ][  ][     ][LEFT]
[910][8571][0][ 0]  [    ][    ][    ][  ][     ][    ]
[911][8574][0][ 4]  [    ][    ][    ][UP][     ][    ]
[912][8581][0][ 0]  [    ][    ][    ][  ][     ][    ]
[913][8623][0][ 8]  [    ][    ][DOWN][  ][     ][    ]
[914][8627][0][ 0]  [    ][    ][    ][  ][     ][    ]
[915][8681][0][ 1]  [    ][    ][    ][  ][     ][LEFT]
[916][8686][0][ 0]  [    ][    ][    ][  ][     ][    ]
[917][8710][0][ 1]  [    ][    ][    ][  ][     ][LEFT]
[918][8714][0][ 0]  [    ][    ][    ][  ][     ][    ]
[919][8728][0][ 1]  [    ][    ][    ][  ][     ][LEFT]
[920][8732][0][ 0]  [    ][    ][    ][  ][     ][    ]
[921][8786][0][16]  [    ][JUMP][    ][  ][     ][    ]
[922][8795][0][ 0]  [    ][    ][    ][  ][     ][    ]
[923][8808][0][16]  [    ][JUMP][    ][  ][     ][    ]
[924][8828][0][ 1]  [    ][    ][    ][  ][     ][LEFT]
[925][8833][0][ 0]  [    ][    ][    ][  ][     ][    ]
[926][8839][0][ 1]  [    ][    ][    ][  ][     ][LEFT]
[927][8842][0][ 0]  [    ][    ][    ][  ][     ][    ]
[928][8849][0][ 1]  [    ][    ][    ][  ][     ][LEFT]
[929][8853][0][ 0]  [    ][    ][    ][  ][     ][    ]
[930][8860][0][ 1]  [    ][    ][    ][  ][     ][LEFT]
[931][8863][0][ 0]  [    ][    ][    ][  ][     ][    ]
[932][8870][0][ 1]  [    ][    ][    ][  ][     ][LEFT]
[933][8873][0][ 0]  [    ][    ][    ][  ][     ][    ]
[934][8880][0][ 1]  [    ][    ][    ][  ][     ][LEFT]
[935][8883][0][ 0]  [    ][    ][    ][  ][     ][    ]
[936][8916][0][ 1]  [    ][    ][    ][  ][     ][LEFT]
[937][8919][0][ 0]  [    ][    ][    ][  ][     ][    ]
[938][8934][0][ 2]  [    ][    ][    ][  ][RIGHT][    ]
[939][8939][0][ 0]  [    ][    ][    ][  ][     ][    ]
[940][8943][0][ 2]  [    ][    ][    ][  ][RIGHT][    ]
[941][8949][0][ 0]  [    ][    ][    ][  ][     ][    ]
[942][8959][0][ 1]  [    ][    ][    ][  ][     ][LEFT]
[943][8964][0][ 0]  [    ][    ][    ][  ][     ][    ]
[944][8969][0][ 1]  [    ][    ][    ][  ][     ][LEFT]
[945][8974][0][ 0]  [    ][    ][    ][  ][     ][    ]
[946][8979][0][ 1]  [    ][    ][    ][  ][     ][LEFT]
[947][8983][0][ 0]  [    ][    ][    ][  ][     ][    ]
[948][9018][0][ 2]  [    ][    ][    ][  ][RIGHT][    ]
[949][9023][0][ 0]  [    ][    ][    ][  ][     ][    ]
[950][9034][0][ 1]  [    ][    ][    ][  ][     ][LEFT]
[951][9038][0][ 0]  [    ][    ][    ][  ][     ][    ]
[952][9109][0][ 2]  [    ][    ][    ][  ][RIGHT][    ]
[953][9119][0][ 0]  [    ][    ][    ][  ][     ][    ]
[954][9130][0][ 1]  [    ][    ][    ][  ][     ][LEFT]
[955][9138][0][ 0]  [    ][    ][    ][  ][     ][    ]
[956][9193][0][ 2]  [    ][    ][    ][  ][RIGHT][    ]
[957][9203][0][ 0]  [    ][    ][    ][  ][     ][    ]
[958][9207][0][ 1]  [    ][    ][    ][  ][     ][LEFT]
[959][9222][0][ 0]  [    ][    ][    ][  ][     ][    ]
[960][9234][0][ 2]  [    ][    ][    ][  ][RIGHT][    ]
[961][9240][0][ 0]  [    ][    ][    ][  ][     ][    ]
[962][9300][0][ 2]  [    ][    ][    ][  ][RIGHT][    ]
[963][9315][0][ 0]  [    ][    ][    ][  ][     ][    ]
[964][9317][0][ 1]  [    ][    ][    ][  ][     ][LEFT]
[965][9322][0][ 0]  [    ][    ][    ][  ][     ][    ]
[966][9333][0][ 2]  [    ][    ][    ][  ][RIGHT][    ]
[967][9345][0][ 0]  [    ][    ][    ][  ][     ][    ]
[968][9347][0][ 1]  [    ][    ][    ][  ][     ][LEFT]
[969][9351][0][ 0]  [    ][    ][    ][  ][     ][    ]
[970][9360][0][16]  [    ][JUMP][    ][  ][     ][    ]
[971][9381][0][ 0]  [    ][    ][    ][  ][     ][    ]
[972][9391][0][16]  [    ][JUMP][    ][  ][     ][    ]
[973][9431][0][17]  [    ][JUMP][    ][  ][     ][LEFT]
[974][9435][0][ 1]  [    ][    ][    ][  ][     ][LEFT]
[975][9447][0][ 0]  [    ][    ][    ][  ][     ][    ]
[976][9497][0][ 1]  [    ][    ][    ][  ][     ][LEFT]
[977][9500][0][ 0]  [    ][    ][    ][  ][     ][    ]
[978][9574][0][ 2]  [    ][    ][    ][  ][RIGHT][    ]
[979][9585][0][ 0]  [    ][    ][    ][  ][     ][    ]
[980][9598][0][ 1]  [    ][    ][    ][  ][     ][LEFT]
[981][9613][0][17]  [    ][JUMP][    ][  ][     ][LEFT]
[982][9622][0][ 1]  [    ][    ][    ][  ][     ][LEFT]
[983][9628][0][ 9]  [    ][    ][DOWN][  ][     ][LEFT]
[984][9631][0][40]  [FIRE][    ][DOWN][  ][     ][    ]
[985][9635][0][ 8]  [    ][    ][DOWN][  ][     ][    ]
[986][9639][0][40]  [FIRE][    ][DOWN][  ][     ][    ]
[987][9642][0][ 8]  [    ][    ][DOWN][  ][     ][    ]
[988][9647][0][40]  [FIRE][    ][DOWN][  ][     ][    ]
[989][9650][0][ 8]  [    ][    ][DOWN][  ][     ][    ]
[990][9654][0][40]  [FIRE][    ][DOWN][  ][     ][    ]
[991][9658][0][10]  [    ][    ][DOWN][  ][RIGHT][    ]
[992][9663][0][ 0]  [    ][    ][    ][  ][     ][    ]
[993][9670][0][ 1]  [    ][    ][    ][  ][     ][LEFT]
[994][9672][0][17]  [    ][JUMP][    ][  ][     ][LEFT]
[995][9686][0][ 1]  [    ][    ][    ][  ][     ][LEFT]
[996][9699][0][ 0]  [    ][    ][    ][  ][     ][    ]
[997][9706][0][ 1]  [    ][    ][    ][  ][     ][LEFT]
[998][9728][0][ 2]  [    ][    ][    ][  ][RIGHT][    ]
[999][9741][0][ 0]  [    ][    ][    ][  ][     ][    ]
[1000][9746][0][ 2]  [    ][    ][    ][  ][RIGHT][    ]
[1001][9747][0][ 0]  [    ][    ][    ][  ][     ][    ]
[1002][9755][0][ 1]  [    ][    ][    ][  ][     ][LEFT]
[1003][9778][0][ 2]  [    ][    ][    ][  ][RIGHT][    ]
[1004][9783][0][ 6]  [    ][    ][    ][UP][RIGHT][    ]
[1005][9790][0][ 0]  [    ][    ][    ][  ][     ][    ]
[1006][9798][0][ 1]  [    ][    ][    ][  ][     ][LEFT]
[1007][9813][0][ 0]  [    ][    ][    ][  ][     ][    ]
[1008][9949][0][ 2]  [    ][    ][    ][  ][RIGHT][    ]
[1009][9971][0][ 0]  [    ][    ][    ][  ][     ][    ]
[1010][9973][0][ 1]  [    ][    ][    ][  ][     ][LEFT]
[1011][9983][0][ 2]  [    ][    ][    ][  ][RIGHT][    ]
[1012][9990][0][ 3]  [    ][    ][    ][  ][RIGHT][LEFT]
[1013][9992][0][ 1]  [    ][    ][    ][  ][     ][LEFT]
[1014][9997][0][ 3]  [    ][    ][    ][  ][RIGHT][LEFT]
[1015][9998][0][ 2]  [    ][    ][    ][  ][RIGHT][    ]
[1016][10002][0][ 3]  [    ][    ][    ][  ][RIGHT][LEFT]
[1017][10003][0][ 1]  [    ][    ][    ][  ][     ][LEFT]
[1018][10007][0][ 3]  [    ][    ][    ][  ][RIGHT][LEFT]
[1019][10008][0][ 2]  [    ][    ][    ][  ][RIGHT][    ]
[1020][10041][0][ 3]  [    ][    ][    ][  ][RIGHT][LEFT]
[1021][10042][0][ 1]  [    ][    ][    ][  ][     ][LEFT]
[1022][10053][0][17]  [    ][JUMP][    ][  ][     ][LEFT]
[1023][10083][0][ 1]  [    ][    ][    ][  ][     ][LEFT]
[1024][10087][0][ 0]  [    ][    ][    ][  ][     ][    ]
[1025][10088][0][ 2]  [    ][    ][    ][  ][RIGHT][    ]
[1026][10095][0][34]  [FIRE][    ][    ][  ][RIGHT][    ]
[1027][10100][0][ 2]  [    ][    ][    ][  ][RIGHT][    ]
[1028][10104][0][34]  [FIRE][    ][    ][  ][RIGHT][    ]
[1029][10108][0][ 2]  [    ][    ][    ][  ][RIGHT][    ]
[1030][10112][0][34]  [FIRE][    ][    ][  ][RIGHT][    ]
[1031][10117][0][ 2]  [    ][    ][    ][  ][RIGHT][    ]
[1032][10152][0][ 1]  [    ][    ][    ][  ][     ][LEFT]
[1033][10165][0][ 0]  [    ][    ][    ][  ][     ][    ]
[1034][10167][0][ 2]  [    ][    ][    ][  ][RIGHT][    ]
[1035][10171][0][ 3]  [    ][    ][    ][  ][RIGHT][LEFT]
[1036][10172][0][ 1]  [    ][    ][    ][  ][     ][LEFT]
[1037][10176][0][ 2]  [    ][    ][    ][  ][RIGHT][    ]
[1038][10182][0][ 1]  [    ][    ][    ][  ][     ][LEFT]
[1039][10183][0][ 0]  [    ][    ][    ][  ][     ][    ]
[1040][10206][0][ 2]  [    ][    ][    ][  ][RIGHT][    ]
[1041][10214][0][ 1]  [    ][    ][    ][  ][     ][LEFT]
[1042][10229][0][ 3]  [    ][    ][    ][  ][RIGHT][LEFT]
[1043][10230][0][ 2]  [    ][    ][    ][  ][RIGHT][    ]
[1044][10234][0][ 0]  [    ][    ][    ][  ][     ][    ]
[1045][10239][0][ 2]  [    ][    ][    ][  ][RIGHT][    ]
[1046][10245][0][ 1]  [    ][    ][    ][  ][     ][LEFT]
[1047][10248][0][ 3]  [    ][    ][    ][  ][RIGHT][LEFT]
[1048][10250][0][ 2]  [    ][    ][    ][  ][RIGHT][    ]
[1049][10255][0][ 3]  [    ][    ][    ][  ][RIGHT][LEFT]
[1050][10256][0][ 1]  [    ][    ][    ][  ][     ][LEFT]
[1051][10260][0][ 3]  [    ][    ][    ][  ][RIGHT][LEFT]
[1052][10261][0][ 2]  [    ][    ][    ][  ][RIGHT][    ]
[1053][10278][0][ 3]  [    ][    ][    ][  ][RIGHT][LEFT]
[1054][10279][0][ 1]  [    ][    ][    ][  ][     ][LEFT]
[1055][10286][0][17]  [    ][JUMP][    ][  ][     ][LEFT]
[1056][10312][0][ 1]  [    ][    ][    ][  ][     ][LEFT]
[1057][10317][0][ 3]  [    ][    ][    ][  ][RIGHT][LEFT]
[1058][10318][0][ 2]  [    ][    ][    ][  ][RIGHT][    ]
[1059][10324][0][34]  [FIRE][    ][    ][  ][RIGHT][    ]
[1060][10328][0][ 2]  [    ][    ][    ][  ][RIGHT][    ]
[1061][10333][0][34]  [FIRE][    ][    ][  ][RIGHT][    ]
[1062][10337][0][ 2]  [    ][    ][    ][  ][RIGHT][    ]
[1063][10369][0][18]  [    ][JUMP][    ][  ][RIGHT][    ]
[1064][10381][0][ 2]  [    ][    ][    ][  ][RIGHT][    ]
[1065][10403][0][ 0]  [    ][    ][    ][  ][     ][    ]
[1066][10406][0][ 1]  [    ][    ][    ][  ][     ][LEFT]
[1067][10413][0][ 0]  [    ][    ][    ][  ][     ][    ]
[1068][10415][0][ 1]  [    ][    ][    ][  ][     ][LEFT]
[1069][10424][0][ 0]  [    ][    ][    ][  ][     ][    ]
[1070][10426][0][ 1]  [    ][    ][    ][  ][     ][LEFT]
[1071][10432][0][ 2]  [    ][    ][    ][  ][RIGHT][    ]
[1072][10437][0][ 1]  [    ][    ][    ][  ][     ][LEFT]
[1073][10443][0][ 2]  [    ][    ][    ][  ][RIGHT][    ]
[1074][10444][0][ 6]  [    ][    ][    ][UP][RIGHT][    ]
[1075][10448][0][ 0]  [    ][    ][    ][  ][     ][    ]
[1076][10450][0][ 1]  [    ][    ][    ][  ][     ][LEFT]
[1077][10453][0][ 3]  [    ][    ][    ][  ][RIGHT][LEFT]
[1078][10454][0][ 2]  [    ][    ][    ][  ][RIGHT][    ]
[1079][10458][0][ 6]  [    ][    ][    ][UP][RIGHT][    ]
[1080][10462][0][ 7]  [    ][    ][    ][UP][RIGHT][LEFT]
[1081][10463][0][ 6]  [    ][    ][    ][UP][RIGHT][    ]
[1082][10467][0][22]  [    ][JUMP][    ][UP][RIGHT][    ]
[1083][10474][0][38]  [FIRE][    ][    ][UP][RIGHT][    ]
[1084][10478][0][36]  [FIRE][    ][    ][UP][     ][    ]
[1085][10479][0][ 4]  [    ][    ][    ][UP][     ][    ]
[1086][10484][0][36]  [FIRE][    ][    ][UP][     ][    ]
[1087][10488][0][ 6]  [    ][    ][    ][UP][RIGHT][    ]
[1088][10492][0][38]  [FIRE][    ][    ][UP][RIGHT][    ]
[1089][10494][0][ 6]  [    ][    ][    ][UP][RIGHT][    ]
[1090][10499][0][38]  [FIRE][    ][    ][UP][RIGHT][    ]
[1091][10502][0][ 6]  [    ][    ][    ][UP][RIGHT][    ]
[1092][10507][0][38]  [FIRE][    ][    ][UP][RIGHT][    ]
[1093][10510][0][ 4]  [    ][    ][    ][UP][     ][    ]
[1094][10514][0][36]  [FIRE][    ][    ][UP][     ][    ]
[1095][10516][0][ 4]  [    ][    ][    ][UP][     ][    ]
[1096][10520][0][36]  [FIRE][    ][    ][UP][     ][    ]
[1097][10523][0][ 4]  [    ][    ][    ][UP][     ][    ]
[1098][10524][0][ 6]  [    ][    ][    ][UP][RIGHT][    ]
[1099][10527][0][38]  [FIRE][    ][    ][UP][RIGHT][    ]
[1100][10530][0][ 6]  [    ][    ][    ][UP][RIGHT][    ]
[1101][10532][0][ 4]  [    ][    ][    ][UP][     ][    ]
[1102][10534][0][36]  [FIRE][    ][    ][UP][     ][    ]
[1103][10536][0][ 4]  [    ][    ][    ][UP][     ][    ]
[1104][10538][0][ 6]  [    ][    ][    ][UP][RIGHT][    ]
[1105][10542][0][38]  [FIRE][    ][    ][UP][RIGHT][    ]
[1106][10544][0][ 6]  [    ][    ][    ][UP][RIGHT][    ]
[1107][10547][0][ 4]  [    ][    ][    ][UP][     ][    ]
[1108][10549][0][36]  [FIRE][    ][    ][UP][     ][    ]
[1109][10551][0][ 4]  [    ][    ][    ][UP][     ][    ]
[1110][10556][0][36]  [FIRE][    ][    ][UP][     ][    ]
[1111][10558][0][ 4]  [    ][    ][    ][UP][     ][    ]
[1112][10563][0][36]  [FIRE][    ][    ][UP][     ][    ]
[1113][10566][0][ 4]  [    ][    ][    ][UP][     ][    ]
[1114][10570][0][38]  [FIRE][    ][    ][UP][RIGHT][    ]
[1115][10573][0][ 6]  [    ][    ][    ][UP][RIGHT][    ]
[1116][10574][0][ 4]  [    ][    ][    ][UP][     ][    ]
[1117][10577][0][36]  [FIRE][    ][    ][UP][     ][    ]
[1118][10581][0][ 4]  [    ][    ][    ][UP][     ][    ]
[1119][10584][0][36]  [FIRE][    ][    ][UP][     ][    ]
[1120][10588][0][ 5]  [    ][    ][    ][UP][     ][LEFT]
[1121][10591][0][ 1]  [    ][    ][    ][  ][     ][LEFT]
[1122][10592][0][33]  [FIRE][    ][    ][  ][     ][LEFT]
[1123][10595][0][ 1]  [    ][    ][    ][  ][     ][LEFT]
[1124][10600][0][33]  [FIRE][    ][    ][  ][     ][LEFT]
[1125][10604][0][37]  [FIRE][    ][    ][UP][     ][LEFT]
[1126][10605][0][ 5]  [    ][    ][    ][UP][     ][LEFT]
[1127][10606][0][ 4]  [    ][    ][    ][UP][     ][    ]
[1128][10609][0][36]  [FIRE][    ][    ][UP][     ][    ]
[1129][10612][0][ 4]  [    ][    ][    ][UP][     ][    ]
[1130][10613][0][ 6]  [    ][    ][    ][UP][RIGHT][    ]
[1131][10616][0][38]  [FIRE][    ][    ][UP][RIGHT][    ]
[1132][10619][0][ 6]  [    ][    ][    ][UP][RIGHT][    ]
[1133][10623][0][38]  [FIRE][    ][    ][UP][RIGHT][    ]
[1134][10627][0][ 6]  [    ][    ][    ][UP][RIGHT][    ]
[1135][10631][0][38]  [FIRE][    ][    ][UP][RIGHT][    ]
[1136][10634][0][ 4]  [    ][    ][    ][UP][     ][    ]
[1137][10638][0][36]  [FIRE][    ][    ][UP][     ][    ]
[1138][10641][0][ 4]  [    ][    ][    ][UP][     ][    ]
[1139][10645][0][36]  [FIRE][    ][    ][UP][     ][    ]
[1140][10648][0][ 4]  [    ][    ][    ][UP][     ][    ]
[1141][10650][0][ 5]  [    ][    ][    ][UP][     ][LEFT]
[1142][10652][0][37]  [FIRE][    ][    ][UP][     ][LEFT]
[1143][10655][0][ 4]  [    ][    ][    ][UP][     ][    ]
[1144][10659][0][ 6]  [    ][    ][    ][UP][RIGHT][    ]
[1145][10660][0][38]  [FIRE][    ][    ][UP][RIGHT][    ]
[1146][10663][0][ 6]  [    ][    ][    ][UP][RIGHT][    ]
[1147][10668][0][38]  [FIRE][    ][    ][UP][RIGHT][    ]
[1148][10670][0][ 6]  [    ][    ][    ][UP][RIGHT][    ]
[1149][10672][0][ 4]  [    ][    ][    ][UP][     ][    ]
[1150][10675][0][36]  [FIRE][    ][    ][UP][     ][    ]
[1151][10678][0][ 4]  [    ][    ][    ][UP][     ][    ]
[1152][10680][0][ 5]  [    ][    ][    ][UP][     ][LEFT]
[1153][10682][0][37]  [FIRE][    ][    ][UP][     ][LEFT]
[1154][10686][0][ 5]  [    ][    ][    ][UP][     ][LEFT]
[1155][10687][0][ 4]  [    ][    ][    ][UP][     ][    ]
[1156][10689][0][36]  [FIRE][    ][    ][UP][     ][    ]
[1157][10693][0][ 4]  [    ][    ][    ][UP][     ][    ]
[1158][10697][0][36]  [FIRE][    ][    ][UP][     ][    ]
[1159][10700][0][ 4]  [    ][    ][    ][UP][     ][    ]
[1160][10702][0][ 5]  [    ][    ][    ][UP][     ][LEFT]
[1161][10704][0][ 1]  [    ][    ][    ][  ][     ][LEFT]
[1162][10713][0][ 5]  [    ][    ][    ][UP][     ][LEFT]
[1163][10714][0][ 4]  [    ][    ][    ][UP][     ][    ]
[1164][10718][0][ 5]  [    ][    ][    ][UP][     ][LEFT]
[1165][10732][0][37]  [FIRE][    ][    ][UP][     ][LEFT]
[1166][10734][0][36]  [FIRE][    ][    ][UP][     ][    ]
[1167][10736][0][ 4]  [    ][    ][    ][UP][     ][    ]
[1168][10740][0][36]  [FIRE][    ][    ][UP][     ][    ]
[1169][10743][0][ 5]  [    ][    ][    ][UP][     ][LEFT]
[1170][10748][0][36]  [FIRE][    ][    ][UP][     ][    ]
[1171][10750][0][ 4]  [    ][    ][    ][UP][     ][    ]
[1172][10755][0][36]  [FIRE][    ][    ][UP][     ][    ]
[1173][10758][0][ 4]  [    ][    ][    ][UP][     ][    ]
[1174][10762][0][36]  [FIRE][    ][    ][UP][     ][    ]
[1175][10766][0][ 4]  [    ][    ][    ][UP][     ][    ]
[1176][10770][0][36]  [FIRE][    ][    ][UP][     ][    ]
[1177][10773][0][ 4]  [    ][    ][    ][UP][     ][    ]
[1178][10777][0][36]  [FIRE][    ][    ][UP][     ][    ]
[1179][10780][0][ 4]  [    ][    ][    ][UP][     ][    ]
[1180][10785][0][36]  [FIRE][    ][    ][UP][     ][    ]
[1181][10786][0][37]  [FIRE][    ][    ][UP][     ][LEFT]
[1182][10787][0][ 5]  [    ][    ][    ][UP][     ][LEFT]
[1183][10792][0][37]  [FIRE][    ][    ][UP][     ][LEFT]
[1184][10794][0][36]  [FIRE][    ][    ][UP][     ][    ]
[1185][10795][0][ 4]  [    ][    ][    ][UP][     ][    ]
[1186][10799][0][36]  [FIRE][    ][    ][UP][     ][    ]
[1187][10802][0][ 4]  [    ][    ][    ][UP][     ][    ]
[1188][10806][0][36]  [FIRE][    ][    ][UP][     ][    ]
[1189][10807][0][38]  [FIRE][    ][    ][UP][RIGHT][    ]
[1190][10810][0][ 6]  [    ][    ][    ][UP][RIGHT][    ]
[1191][10813][0][ 2]  [    ][    ][    ][  ][RIGHT][    ]
[1192][10817][0][ 0]  [    ][    ][    ][  ][     ][    ]
[1193][10819][0][16]  [    ][JUMP][    ][  ][     ][    ]
[1194][10833][0][ 0]  [    ][    ][    ][  ][     ][    ]
[1195][10842][0][ 1]  [    ][    ][    ][  ][     ][LEFT]
[1196][10847][0][ 0]  [    ][    ][    ][  ][     ][    ]
[1197][10849][0][32]  [FIRE][    ][    ][  ][     ][    ]
[1198][10850][0][48]  [FIRE][JUMP][    ][  ][     ][    ]
[1199][10854][0][52]  [FIRE][JUMP][    ][UP][     ][    ]
[1200][10857][0][54]  [FIRE][JUMP][    ][UP][RIGHT][    ]
[1201][10862][0][22]  [    ][JUMP][    ][UP][RIGHT][    ]
[1202][10863][0][ 2]  [    ][    ][    ][  ][RIGHT][    ]
[1203][10872][0][ 0]  [    ][    ][    ][  ][     ][    ]
[1204][10879][0][ 2]  [    ][    ][    ][  ][RIGHT][    ]
[1205][10886][0][ 0]  [    ][    ][    ][  ][     ][    ]
[1206][10889][0][32]  [FIRE][    ][    ][  ][     ][    ]
[1207][10890][0][48]  [FIRE][JUMP][    ][  ][     ][    ]
[1208][10897][0][50]  [FIRE][JUMP][    ][  ][RIGHT][    ]
[1209][10902][0][ 2]  [    ][    ][    ][  ][RIGHT][    ]
[1210][10903][0][ 0]  [    ][    ][    ][  ][     ][    ]
[1211][10909][0][ 2]  [    ][    ][    ][  ][RIGHT][    ]
[1212][10916][0][ 0]  [    ][    ][    ][  ][     ][    ]
[1213][10924][0][50]  [FIRE][JUMP][    ][  ][RIGHT][    ]
[1214][10943][0][54]  [FIRE][JUMP][    ][UP][RIGHT][    ]
[1215][10945][0][52]  [FIRE][JUMP][    ][UP][     ][    ]
[1216][10954][0][54]  [FIRE][JUMP][    ][UP][RIGHT][    ]
[1217][10956][0][50]  [FIRE][JUMP][    ][  ][RIGHT][    ]
[1218][10957][0][18]  [    ][JUMP][    ][  ][RIGHT][    ]
[1219][10958][0][ 2]  [    ][    ][    ][  ][RIGHT][    ]
[1220][10995][0][ 1]  [    ][    ][    ][  ][     ][LEFT]
[1221][11001][0][ 2]  [    ][    ][    ][  ][RIGHT][    ]
[1222][11013][0][ 6]  [    ][    ][    ][UP][RIGHT][    ]
[1223][11017][0][38]  [FIRE][    ][    ][UP][RIGHT][    ]
[1224][11021][0][36]  [FIRE][    ][    ][UP][     ][    ]
[1225][11022][0][ 4]  [    ][    ][    ][UP][     ][    ]
[1226][11026][0][36]  [FIRE][    ][    ][UP][     ][    ]
[1227][11030][0][ 5]  [    ][    ][    ][UP][     ][LEFT]
[1228][11034][0][37]  [FIRE][    ][    ][UP][     ][LEFT]
[1229][11035][0][36]  [FIRE][    ][    ][UP][     ][    ]
[1230][11037][0][ 4]  [    ][    ][    ][UP][     ][    ]
[1231][11042][0][38]  [FIRE][    ][    ][UP][RIGHT][    ]
[1232][11045][0][ 6]  [    ][    ][    ][UP][RIGHT][    ]
[1233][11050][0][36]  [FIRE][    ][    ][UP][     ][    ]
[1234][11053][0][ 4]  [    ][    ][    ][UP][     ][    ]
[1235][11054][0][ 5]  [    ][    ][    ][UP][     ][LEFT]
[1236][11057][0][37]  [FIRE][    ][    ][UP][     ][LEFT]
[1237][11059][0][36]  [FIRE][    ][    ][UP][     ][    ]
[1238][11062][0][ 4]  [    ][    ][    ][UP][     ][    ]
[1239][11063][0][ 5]  [    ][    ][    ][UP][     ][LEFT]
[1240][11066][0][36]  [FIRE][    ][    ][UP][     ][    ]
[1241][11071][0][ 5]  [    ][    ][    ][UP][     ][LEFT]
[1242][11075][0][36]  [FIRE][    ][    ][UP][     ][    ]
[1243][11079][0][ 4]  [    ][    ][    ][UP][     ][    ]
[1244][11083][0][36]  [FIRE][    ][    ][UP][     ][    ]
[1245][11087][0][ 4]  [    ][    ][    ][UP][     ][    ]
[1246][11091][0][36]  [FIRE][    ][    ][UP][     ][    ]
[1247][11094][0][38]  [FIRE][    ][    ][UP][RIGHT][    ]
[1248][11096][0][ 6]  [    ][    ][    ][UP][RIGHT][    ]
[1249][11098][0][ 4]  [    ][    ][    ][UP][     ][    ]
[1250][11099][0][ 0]  [    ][    ][    ][  ][     ][    ]
[1251][11120][0][16]  [    ][JUMP][    ][  ][     ][    ]
[1252][11140][0][18]  [    ][JUMP][    ][  ][RIGHT][    ]
[1253][11144][0][ 2]  [    ][    ][    ][  ][RIGHT][    ]
[1254][11155][0][ 0]  [    ][    ][    ][  ][     ][    ]
[1255][11160][0][16]  [    ][JUMP][    ][  ][     ][    ]
[1256][11171][0][17]  [    ][JUMP][    ][  ][     ][LEFT]
[1257][11182][0][ 1]  [    ][    ][    ][  ][     ][LEFT]
[1258][11183][0][ 0]  [    ][    ][    ][  ][     ][    ]
[1259][11188][0][ 1]  [    ][    ][    ][  ][     ][LEFT]
[1260][11190][0][ 0]  [    ][    ][    ][  ][     ][    ]
[1261][11193][0][16]  [    ][JUMP][    ][  ][     ][    ]
[1262][11199][0][18]  [    ][JUMP][    ][  ][RIGHT][    ]
[1263][11203][0][16]  [    ][JUMP][    ][  ][     ][    ]
[1264][11234]-------------LEVEL DONE 1 ---------------- 
[1265][11314]-------------LEVEL DONE 2 ---------------- 
[1266][12034]-------------NEXT LEVEL!------------------ 
[1267][11324]-------------PLAYER 0 ACKNOWLEDGE------ 
[1268][11325]-------------NEXT LEVEL!------------------ 
