number of entries 1213
deathmatch_pbullets 1
deathmatch_pbullets_damage 5
suicide_pbullets 1
[ gm][  pc][p][cm]
[  0][   0]-------------START (level:3)------------- 
[  1][   0]-------------PLAYER 0 ACTIVE (color:8)-- 
[  2][  39][0][ 2]  [    ][    ][    ][  ][RIGHT][    ]
[  3][  53][0][ 0]  [    ][    ][    ][  ][     ][    ]
[  4][  58][0][ 1]  [    ][    ][    ][  ][     ][LEFT]
[  5][  62][0][ 0]  [    ][    ][    ][  ][     ][    ]
[  6][  66][0][ 1]  [    ][    ][    ][  ][     ][LEFT]
[  7][  69][0][ 0]  [    ][    ][    ][  ][     ][    ]
[  8][  81][0][ 2]  [    ][    ][    ][  ][RIGHT][    ]
[  9][  85][0][ 0]  [    ][    ][    ][  ][     ][    ]
[ 10][  98][0][16]  [    ][JUMP][    ][  ][     ][    ]
[ 11][ 102][0][48]  [FIRE][JUMP][    ][  ][     ][    ]
[ 12][ 104][0][32]  [FIRE][    ][    ][  ][     ][    ]
[ 13][ 107][0][ 0]  [    ][    ][    ][  ][     ][    ]
[ 14][ 109][0][16]  [    ][JUMP][    ][  ][     ][    ]
[ 15][ 111][0][48]  [FIRE][JUMP][    ][  ][     ][    ]
[ 16][ 113][0][32]  [FIRE][    ][    ][  ][     ][    ]
[ 17][ 116][0][ 0]  [    ][    ][    ][  ][     ][    ]
[ 18][ 118][0][16]  [    ][JUMP][    ][  ][     ][    ]
[ 19][ 121][0][48]  [FIRE][JUMP][    ][  ][     ][    ]
[ 20][ 122][0][32]  [FIRE][    ][    ][  ][     ][    ]
[ 21][ 124][0][ 0]  [    ][    ][    ][  ][     ][    ]
[ 22][ 126][0][16]  [    ][JUMP][    ][  ][     ][    ]
[ 23][ 127][0][48]  [FIRE][JUMP][    ][  ][     ][    ]
[ 24][ 131][0][ 0]  [    ][    ][    ][  ][     ][    ]
[ 25][ 134][0][48]  [FIRE][JUMP][    ][  ][     ][    ]
[ 26][ 137][0][ 0]  [    ][    ][    ][  ][     ][    ]
[ 27][ 141][0][32]  [FIRE][    ][    ][  ][     ][    ]
[ 28][ 142][0][48]  [FIRE][JUMP][    ][  ][     ][    ]
[ 29][ 145][0][ 0]  [    ][    ][    ][  ][     ][    ]
[ 30][ 149][0][48]  [FIRE][JUMP][    ][  ][     ][    ]
[ 31][ 152][0][ 0]  [    ][    ][    ][  ][     ][    ]
[ 32][ 156][0][48]  [FIRE][JUMP][    ][  ][     ][    ]
[ 33][ 159][0][ 0]  [    ][    ][    ][  ][     ][    ]
[ 34][ 164][0][48]  [FIRE][JUMP][    ][  ][     ][    ]
[ 35][ 167][0][ 0]  [    ][    ][    ][  ][     ][    ]
[ 36][ 172][0][48]  [FIRE][JUMP][    ][  ][     ][    ]
[ 37][ 177][0][ 0]  [    ][    ][    ][  ][     ][    ]
[ 38][ 271][0][ 2]  [    ][    ][    ][  ][RIGHT][    ]
[ 39][ 275][0][ 0]  [    ][    ][    ][  ][     ][    ]
[ 40][ 288][0][ 1]  [    ][    ][    ][  ][     ][LEFT]
[ 41][ 292][0][ 0]  [    ][    ][    ][  ][     ][    ]
[ 42][ 302][0][16]  [    ][JUMP][    ][  ][     ][    ]
[ 43][ 308][0][ 0]  [    ][    ][    ][  ][     ][    ]
[ 44][ 400][0][ 2]  [    ][    ][    ][  ][RIGHT][    ]
[ 45][ 405][0][ 0]  [    ][    ][    ][  ][     ][    ]
[ 46][ 406][0][ 1]  [    ][    ][    ][  ][     ][LEFT]
[ 47][ 412][0][ 2]  [    ][    ][    ][  ][RIGHT][    ]
[ 48][ 416][0][ 0]  [    ][    ][    ][  ][     ][    ]
[ 49][ 417][0][ 1]  [    ][    ][    ][  ][     ][LEFT]
[ 50][ 420][0][ 0]  [    ][    ][    ][  ][     ][    ]
[ 51][ 421][0][ 2]  [    ][    ][    ][  ][RIGHT][    ]
[ 52][ 425][0][ 0]  [    ][    ][    ][  ][     ][    ]
[ 53][ 426][0][ 1]  [    ][    ][    ][  ][     ][LEFT]
[ 54][ 429][0][ 0]  [    ][    ][    ][  ][     ][    ]
[ 55][ 431][0][ 2]  [    ][    ][    ][  ][RIGHT][    ]
[ 56][ 435][0][ 1]  [    ][    ][    ][  ][     ][LEFT]
[ 57][ 440][0][ 2]  [    ][    ][    ][  ][RIGHT][    ]
[ 58][ 445][0][ 1]  [    ][    ][    ][  ][     ][LEFT]
[ 59][ 449][0][ 2]  [    ][    ][    ][  ][RIGHT][    ]
[ 60][ 454][0][ 1]  [    ][    ][    ][  ][     ][LEFT]
[ 61][ 459][0][ 2]  [    ][    ][    ][  ][RIGHT][    ]
[ 62][ 463][0][ 1]  [    ][    ][    ][  ][     ][LEFT]
[ 63][ 469][0][ 0]  [    ][    ][    ][  ][     ][    ]
[ 64][ 472][0][16]  [    ][JUMP][    ][  ][     ][    ]
[ 65][ 484][0][17]  [    ][JUMP][    ][  ][     ][LEFT]
[ 66][ 488][0][ 1]  [    ][    ][    ][  ][     ][LEFT]
[ 67][ 495][0][ 0]  [    ][    ][    ][  ][     ][    ]
[ 68][ 500][0][ 2]  [    ][    ][    ][  ][RIGHT][    ]
[ 69][ 508][0][ 0]  [    ][    ][    ][  ][     ][    ]
[ 70][ 512][0][16]  [    ][JUMP][    ][  ][     ][    ]
[ 71][ 523][0][18]  [    ][JUMP][    ][  ][RIGHT][    ]
[ 72][ 525][0][ 2]  [    ][    ][    ][  ][RIGHT][    ]
[ 73][ 537][0][ 0]  [    ][    ][    ][  ][     ][    ]
[ 74][ 545][0][16]  [    ][JUMP][    ][  ][     ][    ]
[ 75][ 557][0][ 0]  [    ][    ][    ][  ][     ][    ]
[ 76][ 588][0][ 1]  [    ][    ][    ][  ][     ][LEFT]
[ 77][ 595][0][ 0]  [    ][    ][    ][  ][     ][    ]
[ 78][ 599][0][ 2]  [    ][    ][    ][  ][RIGHT][    ]
[ 79][ 606][0][ 0]  [    ][    ][    ][  ][     ][    ]
[ 80][ 607][0][ 1]  [    ][    ][    ][  ][     ][LEFT]
[ 81][ 611][0][ 2]  [    ][    ][    ][  ][RIGHT][    ]
[ 82][ 616][0][ 1]  [    ][    ][    ][  ][     ][LEFT]
[ 83][ 620][0][ 0]  [    ][    ][    ][  ][     ][    ]
[ 84][ 621][0][ 2]  [    ][    ][    ][  ][RIGHT][    ]
[ 85][ 627][0][ 1]  [    ][    ][    ][  ][     ][LEFT]
[ 86][ 632][0][ 0]  [    ][    ][    ][  ][     ][    ]
[ 87][ 635][0][ 2]  [    ][    ][    ][  ][RIGHT][    ]
[ 88][ 639][0][ 0]  [    ][    ][    ][  ][     ][    ]
[ 89][ 655][0][ 1]  [    ][    ][    ][  ][     ][LEFT]
[ 90][ 671][0][ 0]  [    ][    ][    ][  ][     ][    ]
[ 91][ 707][0][ 2]  [    ][    ][    ][  ][RIGHT][    ]
[ 92][ 716][0][ 0]  [    ][    ][    ][  ][     ][    ]
[ 93][ 738][0][16]  [    ][JUMP][    ][  ][     ][    ]
[ 94][ 761][0][ 0]  [    ][    ][    ][  ][     ][    ]
[ 95][ 776][0][32]  [FIRE][    ][    ][  ][     ][    ]
[ 96][ 806][0][36]  [FIRE][    ][    ][UP][     ][    ]
[ 97][ 810][0][52]  [FIRE][JUMP][    ][UP][     ][    ]
[ 98][ 833][0][36]  [FIRE][    ][    ][UP][     ][    ]
[ 99][ 854][0][52]  [FIRE][JUMP][    ][UP][     ][    ]
[100][ 867][0][20]  [    ][JUMP][    ][UP][     ][    ]
[101][ 869][0][ 4]  [    ][    ][    ][UP][     ][    ]
[102][ 871][0][ 0]  [    ][    ][    ][  ][     ][    ]
[103][1018][0][ 1]  [    ][    ][    ][  ][     ][LEFT]
[104][1019][0][ 0]  [    ][    ][    ][  ][     ][    ]
[105][1020][0][ 2]  [    ][    ][    ][  ][RIGHT][    ]
[106][1028][0][ 0]  [    ][    ][    ][  ][     ][    ]
[107][1029][0][ 1]  [    ][    ][    ][  ][     ][LEFT]
[108][1031][0][17]  [    ][JUMP][    ][  ][     ][LEFT]
[109][1035][0][18]  [    ][JUMP][    ][  ][RIGHT][    ]
[110][1037][0][50]  [FIRE][JUMP][    ][  ][RIGHT][    ]
[111][1040][0][34]  [FIRE][    ][    ][  ][RIGHT][    ]
[112][1044][0][ 2]  [    ][    ][    ][  ][RIGHT][    ]
[113][1048][0][ 1]  [    ][    ][    ][  ][     ][LEFT]
[114][1049][0][17]  [    ][JUMP][    ][  ][     ][LEFT]
[115][1050][0][49]  [FIRE][JUMP][    ][  ][     ][LEFT]
[116][1053][0][33]  [FIRE][    ][    ][  ][     ][LEFT]
[117][1055][0][ 5]  [    ][    ][    ][UP][     ][LEFT]
[118][1057][0][21]  [    ][JUMP][    ][UP][     ][LEFT]
[119][1060][0][17]  [    ][JUMP][    ][  ][     ][LEFT]
[120][1062][0][49]  [FIRE][JUMP][    ][  ][     ][LEFT]
[121][1063][0][53]  [FIRE][JUMP][    ][UP][     ][LEFT]
[122][1065][0][38]  [FIRE][    ][    ][UP][RIGHT][    ]
[123][1069][0][ 4]  [    ][    ][    ][UP][     ][    ]
[124][1070][0][17]  [    ][JUMP][    ][  ][     ][LEFT]
[125][1075][0][23]  [    ][JUMP][    ][UP][RIGHT][LEFT]
[126][1076][0][54]  [FIRE][JUMP][    ][UP][RIGHT][    ]
[127][1077][0][38]  [FIRE][    ][    ][UP][RIGHT][    ]
[128][1080][0][33]  [FIRE][    ][    ][  ][     ][LEFT]
[129][1082][0][17]  [    ][JUMP][    ][  ][     ][LEFT]
[130][1085][0][23]  [    ][JUMP][    ][UP][RIGHT][LEFT]
[131][1086][0][22]  [    ][JUMP][    ][UP][RIGHT][    ]
[132][1088][0][54]  [FIRE][JUMP][    ][UP][RIGHT][    ]
[133][1089][0][38]  [FIRE][    ][    ][UP][RIGHT][    ]
[134][1091][0][33]  [FIRE][    ][    ][  ][     ][LEFT]
[135][1093][0][ 1]  [    ][    ][    ][  ][     ][LEFT]
[136][1096][0][ 6]  [    ][    ][    ][UP][RIGHT][    ]
[137][1101][0][ 0]  [    ][    ][    ][  ][     ][    ]
[138][1102][0][ 1]  [    ][    ][    ][  ][     ][LEFT]
[139][1106][0][ 3]  [    ][    ][    ][  ][RIGHT][LEFT]
[140][1107][0][ 2]  [    ][    ][    ][  ][RIGHT][    ]
[141][1112][0][ 0]  [    ][    ][    ][  ][     ][    ]
[142][1873][0][ 2]  [    ][    ][    ][  ][RIGHT][    ]
[143][1896][0][ 0]  [    ][    ][    ][  ][     ][    ]
[144][1904][0][ 1]  [    ][    ][    ][  ][     ][LEFT]
[145][1908][0][ 0]  [    ][    ][    ][  ][     ][    ]
[146][1921][0][ 1]  [    ][    ][    ][  ][     ][LEFT]
[147][1924][0][ 0]  [    ][    ][    ][  ][     ][    ]
[148][1930][0][ 1]  [    ][    ][    ][  ][     ][LEFT]
[149][1933][0][ 0]  [    ][    ][    ][  ][     ][    ]
[150][1942][0][ 4]  [    ][    ][    ][UP][     ][    ]
[151][1953][0][ 6]  [    ][    ][    ][UP][RIGHT][    ]
[152][1960][0][ 4]  [    ][    ][    ][UP][     ][    ]
[153][1967][0][36]  [FIRE][    ][    ][UP][     ][    ]
[154][1971][0][52]  [FIRE][JUMP][    ][UP][     ][    ]
[155][1972][0][54]  [FIRE][JUMP][    ][UP][RIGHT][    ]
[156][2001][0][22]  [    ][JUMP][    ][UP][RIGHT][    ]
[157][2004][0][20]  [    ][JUMP][    ][UP][     ][    ]
[158][2006][0][ 4]  [    ][    ][    ][UP][     ][    ]
[159][2009][0][ 0]  [    ][    ][    ][  ][     ][    ]
[160][2055][0][ 1]  [    ][    ][    ][  ][     ][LEFT]
[161][2090][0][33]  [FIRE][    ][    ][  ][     ][LEFT]
[162][2093][0][32]  [FIRE][    ][    ][  ][     ][    ]
[163][2100][0][34]  [FIRE][    ][    ][  ][RIGHT][    ]
[164][2138][0][50]  [FIRE][JUMP][    ][  ][RIGHT][    ]
[165][2147][0][34]  [FIRE][    ][    ][  ][RIGHT][    ]
[166][2161][0][33]  [FIRE][    ][    ][  ][     ][LEFT]
[167][2165][0][32]  [FIRE][    ][    ][  ][     ][    ]
[168][2174][0][34]  [FIRE][    ][    ][  ][RIGHT][    ]
[169][2185][0][32]  [FIRE][    ][    ][  ][     ][    ]
[170][2188][0][33]  [FIRE][    ][    ][  ][     ][LEFT]
[171][2193][0][32]  [FIRE][    ][    ][  ][     ][    ]
[172][2210][0][36]  [FIRE][    ][    ][UP][     ][    ]
[173][2217][0][52]  [FIRE][JUMP][    ][UP][     ][    ]
[174][2221][0][20]  [    ][JUMP][    ][UP][     ][    ]
[175][2223][0][ 4]  [    ][    ][    ][UP][     ][    ]
[176][2224][0][ 0]  [    ][    ][    ][  ][     ][    ]
[177][2251][0][16]  [    ][JUMP][    ][  ][     ][    ]
[178][2273][0][ 0]  [    ][    ][    ][  ][     ][    ]
[179][2281][0][ 1]  [    ][    ][    ][  ][     ][LEFT]
[180][2288][0][ 0]  [    ][    ][    ][  ][     ][    ]
[181][2290][0][16]  [    ][JUMP][    ][  ][     ][    ]
[182][2305][0][ 0]  [    ][    ][    ][  ][     ][    ]
[183][2320][0][ 1]  [    ][    ][    ][  ][     ][LEFT]
[184][2327][0][ 0]  [    ][    ][    ][  ][     ][    ]
[185][2330][0][ 1]  [    ][    ][    ][  ][     ][LEFT]
[186][2344][0][17]  [    ][JUMP][    ][  ][     ][LEFT]
[187][2358][0][ 1]  [    ][    ][    ][  ][     ][LEFT]
[188][2369][0][32]  [FIRE][    ][    ][  ][     ][    ]
[189][2370][0][34]  [FIRE][    ][    ][  ][RIGHT][    ]
[190][2372][0][ 2]  [    ][    ][    ][  ][RIGHT][    ]
[191][2374][0][ 0]  [    ][    ][    ][  ][     ][    ]
[192][2377][0][32]  [FIRE][    ][    ][  ][     ][    ]
[193][2379][0][ 2]  [    ][    ][    ][  ][RIGHT][    ]
[194][2385][0][34]  [FIRE][    ][    ][  ][RIGHT][    ]
[195][2387][0][ 2]  [    ][    ][    ][  ][RIGHT][    ]
[196][2392][0][34]  [FIRE][    ][    ][  ][RIGHT][    ]
[197][2395][0][ 2]  [    ][    ][    ][  ][RIGHT][    ]
[198][2397][0][18]  [    ][JUMP][    ][  ][RIGHT][    ]
[199][2408][0][32]  [FIRE][    ][    ][  ][     ][    ]
[200][2413][0][ 1]  [    ][    ][    ][  ][     ][LEFT]
[201][2417][0][33]  [FIRE][    ][    ][  ][     ][LEFT]
[202][2422][0][ 1]  [    ][    ][    ][  ][     ][LEFT]
[203][2425][0][ 2]  [    ][    ][    ][  ][RIGHT][    ]
[204][2427][0][34]  [FIRE][    ][    ][  ][RIGHT][    ]
[205][2431][0][ 0]  [    ][    ][    ][  ][     ][    ]
[206][2435][0][32]  [FIRE][    ][    ][  ][     ][    ]
[207][2438][0][ 0]  [    ][    ][    ][  ][     ][    ]
[208][2443][0][32]  [FIRE][    ][    ][  ][     ][    ]
[209][2446][0][ 0]  [    ][    ][    ][  ][     ][    ]
[210][2451][0][32]  [FIRE][    ][    ][  ][     ][    ]
[211][2454][0][ 0]  [    ][    ][    ][  ][     ][    ]
[212][2460][0][32]  [FIRE][    ][    ][  ][     ][    ]
[213][2461][0][48]  [FIRE][JUMP][    ][  ][     ][    ]
[214][2465][0][16]  [    ][JUMP][    ][  ][     ][    ]
[215][2470][0][48]  [FIRE][JUMP][    ][  ][     ][    ]
[216][2471][0][32]  [FIRE][    ][    ][  ][     ][    ]
[217][2475][0][16]  [    ][JUMP][    ][  ][     ][    ]
[218][2479][0][48]  [FIRE][JUMP][    ][  ][     ][    ]
[219][2481][0][32]  [FIRE][    ][    ][  ][     ][    ]
[220][2484][0][ 0]  [    ][    ][    ][  ][     ][    ]
[221][2485][0][16]  [    ][JUMP][    ][  ][     ][    ]
[222][2490][0][48]  [FIRE][JUMP][    ][  ][     ][    ]
[223][2491][0][32]  [FIRE][    ][    ][  ][     ][    ]
[224][2495][0][33]  [FIRE][    ][    ][  ][     ][LEFT]
[225][2497][0][ 1]  [    ][    ][    ][  ][     ][LEFT]
[226][2541][0][32]  [FIRE][    ][    ][  ][     ][    ]
[227][2549][0][48]  [FIRE][JUMP][    ][  ][     ][    ]
[228][2563][0][32]  [FIRE][    ][    ][  ][     ][    ]
[229][2569][0][34]  [FIRE][    ][    ][  ][RIGHT][    ]
[230][2597][0][32]  [FIRE][    ][    ][  ][     ][    ]
[231][2647][0][52]  [FIRE][JUMP][    ][UP][     ][    ]
[232][2658][0][20]  [    ][JUMP][    ][UP][     ][    ]
[233][2659][0][ 4]  [    ][    ][    ][UP][     ][    ]
[234][2660][0][ 0]  [    ][    ][    ][  ][     ][    ]
[235][2683][0][16]  [    ][JUMP][    ][  ][     ][    ]
[236][2689][0][18]  [    ][JUMP][    ][  ][RIGHT][    ]
[237][2698][0][54]  [FIRE][JUMP][    ][UP][RIGHT][    ]
[238][2700][0][38]  [FIRE][    ][    ][UP][RIGHT][    ]
[239][2701][0][36]  [FIRE][    ][    ][UP][     ][    ]
[240][2702][0][ 4]  [    ][    ][    ][UP][     ][    ]
[241][2703][0][ 5]  [    ][    ][    ][UP][     ][LEFT]
[242][2706][0][37]  [FIRE][    ][    ][UP][     ][LEFT]
[243][2710][0][ 5]  [    ][    ][    ][UP][     ][LEFT]
[244][2712][0][ 4]  [    ][    ][    ][UP][     ][    ]
[245][2715][0][36]  [FIRE][    ][    ][UP][     ][    ]
[246][2719][0][ 5]  [    ][    ][    ][UP][     ][LEFT]
[247][2723][0][37]  [FIRE][    ][    ][UP][     ][LEFT]
[248][2725][0][36]  [FIRE][    ][    ][UP][     ][    ]
[249][2727][0][ 4]  [    ][    ][    ][UP][     ][    ]
[250][2731][0][36]  [FIRE][    ][    ][UP][     ][    ]
[251][2735][0][ 4]  [    ][    ][    ][UP][     ][    ]
[252][2739][0][36]  [FIRE][    ][    ][UP][     ][    ]
[253][2744][0][ 4]  [    ][    ][    ][UP][     ][    ]
[254][2749][0][20]  [    ][JUMP][    ][UP][     ][    ]
[255][2759][0][ 4]  [    ][    ][    ][UP][     ][    ]
[256][2760][0][ 0]  [    ][    ][    ][  ][     ][    ]
[257][2773][0][ 2]  [    ][    ][    ][  ][RIGHT][    ]
[258][2791][0][ 0]  [    ][    ][    ][  ][     ][    ]
[259][2792][0][ 1]  [    ][    ][    ][  ][     ][LEFT]
[260][2794][0][17]  [    ][JUMP][    ][  ][     ][LEFT]
[261][2796][0][53]  [FIRE][JUMP][    ][UP][     ][LEFT]
[262][2797][0][52]  [FIRE][JUMP][    ][UP][     ][    ]
[263][2804][0][20]  [    ][JUMP][    ][UP][     ][    ]
[264][2806][0][ 4]  [    ][    ][    ][UP][     ][    ]
[265][2812][0][ 0]  [    ][    ][    ][  ][     ][    ]
[266][2820][0][ 1]  [    ][    ][    ][  ][     ][LEFT]
[267][2827][0][ 0]  [    ][    ][    ][  ][     ][    ]
[268][2828][0][ 1]  [    ][    ][    ][  ][     ][LEFT]
[269][2840][0][33]  [FIRE][    ][    ][  ][     ][LEFT]
[270][2847][0][ 1]  [    ][    ][    ][  ][     ][LEFT]
[271][2854][0][33]  [FIRE][    ][    ][  ][     ][LEFT]
[272][2859][0][ 1]  [    ][    ][    ][  ][     ][LEFT]
[273][2871][0][ 0]  [    ][    ][    ][  ][     ][    ]
[274][2874][0][32]  [FIRE][    ][    ][  ][     ][    ]
[275][2877][0][34]  [FIRE][    ][    ][  ][RIGHT][    ]
[276][2929][0][32]  [FIRE][    ][    ][  ][     ][    ]
[277][2948][0][34]  [FIRE][    ][    ][  ][RIGHT][    ]
[278][2955][0][50]  [FIRE][JUMP][    ][  ][RIGHT][    ]
[279][2973][0][54]  [FIRE][JUMP][    ][UP][RIGHT][    ]
[280][2977][0][22]  [    ][JUMP][    ][UP][RIGHT][    ]
[281][2980][0][ 0]  [    ][    ][    ][  ][     ][    ]
[282][3030][0][ 1]  [    ][    ][    ][  ][     ][LEFT]
[283][3049][0][ 0]  [    ][    ][    ][  ][     ][    ]
[284][3050][0][ 2]  [    ][    ][    ][  ][RIGHT][    ]
[285][3055][0][ 0]  [    ][    ][    ][  ][     ][    ]
[286][3057][0][32]  [FIRE][    ][    ][  ][     ][    ]
[287][3064][0][34]  [FIRE][    ][    ][  ][RIGHT][    ]
[288][3089][0][32]  [FIRE][    ][    ][  ][     ][    ]
[289][3098][0][48]  [FIRE][JUMP][    ][  ][     ][    ]
[290][3100][0][52]  [FIRE][JUMP][    ][UP][     ][    ]
[291][3110][0][20]  [    ][JUMP][    ][UP][     ][    ]
[292][3113][0][ 0]  [    ][    ][    ][  ][     ][    ]
[293][3169][0][ 2]  [    ][    ][    ][  ][RIGHT][    ]
[294][3175][0][ 6]  [    ][    ][    ][UP][RIGHT][    ]
[295][3176][0][38]  [FIRE][    ][    ][UP][RIGHT][    ]
[296][3180][0][ 6]  [    ][    ][    ][UP][RIGHT][    ]
[297][3185][0][38]  [FIRE][    ][    ][UP][RIGHT][    ]
[298][3189][0][ 6]  [    ][    ][    ][UP][RIGHT][    ]
[299][3193][0][38]  [FIRE][    ][    ][UP][RIGHT][    ]
[300][3194][0][36]  [FIRE][    ][    ][UP][     ][    ]
[301][3197][0][ 4]  [    ][    ][    ][UP][     ][    ]
[302][3201][0][36]  [FIRE][    ][    ][UP][     ][    ]
[303][3204][0][ 4]  [    ][    ][    ][UP][     ][    ]
[304][3208][0][ 5]  [    ][    ][    ][UP][     ][LEFT]
[305][3209][0][37]  [FIRE][    ][    ][UP][     ][LEFT]
[306][3213][0][ 5]  [    ][    ][    ][UP][     ][LEFT]
[307][3217][0][37]  [FIRE][    ][    ][UP][     ][LEFT]
[308][3221][0][ 5]  [    ][    ][    ][UP][     ][LEFT]
[309][3222][0][ 4]  [    ][    ][    ][UP][     ][    ]
[310][3225][0][36]  [FIRE][    ][    ][UP][     ][    ]
[311][3229][0][ 4]  [    ][    ][    ][UP][     ][    ]
[312][3233][0][36]  [FIRE][    ][    ][UP][     ][    ]
[313][3236][0][ 4]  [    ][    ][    ][UP][     ][    ]
[314][3241][0][36]  [FIRE][    ][    ][UP][     ][    ]
[315][3245][0][ 4]  [    ][    ][    ][UP][     ][    ]
[316][3249][0][36]  [FIRE][    ][    ][UP][     ][    ]
[317][3254][0][ 5]  [    ][    ][    ][UP][     ][LEFT]
[318][3258][0][ 4]  [    ][    ][    ][UP][     ][    ]
[319][3261][0][ 5]  [    ][    ][    ][UP][     ][LEFT]
[320][3266][0][ 1]  [    ][    ][    ][  ][     ][LEFT]
[321][3269][0][ 0]  [    ][    ][    ][  ][     ][    ]
[322][3270][0][16]  [    ][JUMP][    ][  ][     ][    ]
[323][3302][0][32]  [FIRE][    ][    ][  ][     ][    ]
[324][3314][0][33]  [FIRE][    ][    ][  ][     ][LEFT]
[325][3336][0][ 1]  [    ][    ][    ][  ][     ][LEFT]
[326][3339][0][ 0]  [    ][    ][    ][  ][     ][    ]
[327][3342][0][ 1]  [    ][    ][    ][  ][     ][LEFT]
[328][3357][0][ 0]  [    ][    ][    ][  ][     ][    ]
[329][3361][0][ 2]  [    ][    ][    ][  ][RIGHT][    ]
[330][3373][0][34]  [FIRE][    ][    ][  ][RIGHT][    ]
[331][3380][0][32]  [FIRE][    ][    ][  ][     ][    ]
[332][3414][0][34]  [FIRE][    ][    ][  ][RIGHT][    ]
[333][3421][0][50]  [FIRE][JUMP][    ][  ][RIGHT][    ]
[334][3444][0][54]  [FIRE][JUMP][    ][UP][RIGHT][    ]
[335][3448][0][22]  [    ][JUMP][    ][UP][RIGHT][    ]
[336][3449][0][ 6]  [    ][    ][    ][UP][RIGHT][    ]
[337][3451][0][ 2]  [    ][    ][    ][  ][RIGHT][    ]
[338][3452][0][ 0]  [    ][    ][    ][  ][     ][    ]
[339][3485][0][ 2]  [    ][    ][    ][  ][RIGHT][    ]
[340][3486][0][ 1]  [    ][    ][    ][  ][     ][LEFT]
[341][3492][0][17]  [    ][JUMP][    ][  ][     ][LEFT]
[342][3499][0][ 1]  [    ][    ][    ][  ][     ][LEFT]
[343][3500][0][33]  [FIRE][    ][    ][  ][     ][LEFT]
[344][3504][0][ 1]  [    ][    ][    ][  ][     ][LEFT]
[345][3508][0][33]  [FIRE][    ][    ][  ][     ][LEFT]
[346][3511][0][ 1]  [    ][    ][    ][  ][     ][LEFT]
[347][3516][0][33]  [FIRE][    ][    ][  ][     ][LEFT]
[348][3519][0][ 1]  [    ][    ][    ][  ][     ][LEFT]
[349][3523][0][33]  [FIRE][    ][    ][  ][     ][LEFT]
[350][3526][0][ 1]  [    ][    ][    ][  ][     ][LEFT]
[351][3530][0][33]  [FIRE][    ][    ][  ][     ][LEFT]
[352][3534][0][ 1]  [    ][    ][    ][  ][     ][LEFT]
[353][3554][0][ 0]  [    ][    ][    ][  ][     ][    ]
[354][3555][0][ 2]  [    ][    ][    ][  ][RIGHT][    ]
[355][3582][0][34]  [FIRE][    ][    ][  ][RIGHT][    ]
[356][3593][0][32]  [FIRE][    ][    ][  ][     ][    ]
[357][3600][0][33]  [FIRE][    ][    ][  ][     ][LEFT]
[358][3602][0][32]  [FIRE][    ][    ][  ][     ][    ]
[359][3620][0][52]  [FIRE][JUMP][    ][UP][     ][    ]
[360][3631][0][20]  [    ][JUMP][    ][UP][     ][    ]
[361][3633][0][ 4]  [    ][    ][    ][UP][     ][    ]
[362][3634][0][ 0]  [    ][    ][    ][  ][     ][    ]
[363][3791][0][16]  [    ][JUMP][    ][  ][     ][    ]
[364][3835][0][ 0]  [    ][    ][    ][  ][     ][    ]
[365][3913][0][16]  [    ][JUMP][    ][  ][     ][    ]
[366][3923][0][18]  [    ][JUMP][    ][  ][RIGHT][    ]
[367][3931][0][ 2]  [    ][    ][    ][  ][RIGHT][    ]
[368][3935][0][ 1]  [    ][    ][    ][  ][     ][LEFT]
[369][3938][0][33]  [FIRE][    ][    ][  ][     ][LEFT]
[370][3939][0][32]  [FIRE][    ][    ][  ][     ][    ]
[371][3942][0][ 0]  [    ][    ][    ][  ][     ][    ]
[372][3947][0][32]  [FIRE][    ][    ][  ][     ][    ]
[373][3950][0][ 0]  [    ][    ][    ][  ][     ][    ]
[374][3954][0][32]  [FIRE][    ][    ][  ][     ][    ]
[375][3956][0][33]  [FIRE][    ][    ][  ][     ][LEFT]
[376][3958][0][ 1]  [    ][    ][    ][  ][     ][LEFT]
[377][3963][0][33]  [FIRE][    ][    ][  ][     ][LEFT]
[378][3967][0][ 1]  [    ][    ][    ][  ][     ][LEFT]
[379][3972][0][33]  [FIRE][    ][    ][  ][     ][LEFT]
[380][3974][0][32]  [FIRE][    ][    ][  ][     ][    ]
[381][3978][0][ 0]  [    ][    ][    ][  ][     ][    ]
[382][3985][0][ 1]  [    ][    ][    ][  ][     ][LEFT]
[383][4028][0][33]  [FIRE][    ][    ][  ][     ][LEFT]
[384][4036][0][32]  [FIRE][    ][    ][  ][     ][    ]
[385][4045][0][33]  [FIRE][    ][    ][  ][     ][LEFT]
[386][4052][0][32]  [FIRE][    ][    ][  ][     ][    ]
[387][4068][0][34]  [FIRE][    ][    ][  ][RIGHT][    ]
[388][4074][0][32]  [FIRE][    ][    ][  ][     ][    ]
[389][4144][0][48]  [FIRE][JUMP][    ][  ][     ][    ]
[390][4146][0][52]  [FIRE][JUMP][    ][UP][     ][    ]
[391][4151][0][20]  [    ][JUMP][    ][UP][     ][    ]
[392][4153][0][16]  [    ][JUMP][    ][  ][     ][    ]
[393][4155][0][ 0]  [    ][    ][    ][  ][     ][    ]
[394][4197][0][ 2]  [    ][    ][    ][  ][RIGHT][    ]
[395][4212][0][ 0]  [    ][    ][    ][  ][     ][    ]
[396][4213][0][ 1]  [    ][    ][    ][  ][     ][LEFT]
[397][4219][0][ 0]  [    ][    ][    ][  ][     ][    ]
[398][4220][0][ 4]  [    ][    ][    ][UP][     ][    ]
[399][4225][0][36]  [FIRE][    ][    ][UP][     ][    ]
[400][4230][0][ 4]  [    ][    ][    ][UP][     ][    ]
[401][4232][0][ 6]  [    ][    ][    ][UP][RIGHT][    ]
[402][4233][0][38]  [FIRE][    ][    ][UP][RIGHT][    ]
[403][4237][0][ 6]  [    ][    ][    ][UP][RIGHT][    ]
[404][4240][0][ 4]  [    ][    ][    ][UP][     ][    ]
[405][4242][0][36]  [FIRE][    ][    ][UP][     ][    ]
[406][4245][0][ 4]  [    ][    ][    ][UP][     ][    ]
[407][4249][0][36]  [FIRE][    ][    ][UP][     ][    ]
[408][4251][0][38]  [FIRE][    ][    ][UP][RIGHT][    ]
[409][4253][0][ 6]  [    ][    ][    ][UP][RIGHT][    ]
[410][4260][0][ 2]  [    ][    ][    ][  ][RIGHT][    ]
[411][4267][0][ 1]  [    ][    ][    ][  ][     ][LEFT]
[412][4288][0][33]  [FIRE][    ][    ][  ][     ][LEFT]
[413][4303][0][34]  [FIRE][    ][    ][  ][RIGHT][    ]
[414][4321][0][32]  [FIRE][    ][    ][  ][     ][    ]
[415][4333][0][33]  [FIRE][    ][    ][  ][     ][LEFT]
[416][4336][0][32]  [FIRE][    ][    ][  ][     ][    ]
[417][4366][0][33]  [FIRE][    ][    ][  ][     ][LEFT]
[418][4370][0][32]  [FIRE][    ][    ][  ][     ][    ]
[419][4393][0][48]  [FIRE][JUMP][    ][  ][     ][    ]
[420][4395][0][52]  [FIRE][JUMP][    ][UP][     ][    ]
[421][4409][0][48]  [FIRE][JUMP][    ][  ][     ][    ]
[422][4410][0][ 0]  [    ][    ][    ][  ][     ][    ]
[423][4439][0][ 2]  [    ][    ][    ][  ][RIGHT][    ]
[424][4445][0][ 0]  [    ][    ][    ][  ][     ][    ]
[425][4452][0][ 1]  [    ][    ][    ][  ][     ][LEFT]
[426][4458][0][32]  [FIRE][    ][    ][  ][     ][    ]
[427][4465][0][48]  [FIRE][JUMP][    ][  ][     ][    ]
[428][4475][0][32]  [FIRE][    ][    ][  ][     ][    ]
[429][4492][0][34]  [FIRE][    ][    ][  ][RIGHT][    ]
[430][4505][0][32]  [FIRE][    ][    ][  ][     ][    ]
[431][4506][0][33]  [FIRE][    ][    ][  ][     ][LEFT]
[432][4518][0][32]  [FIRE][    ][    ][  ][     ][    ]
[433][4522][0][33]  [FIRE][    ][    ][  ][     ][LEFT]
[434][4529][0][32]  [FIRE][    ][    ][  ][     ][    ]
[435][4548][0][34]  [FIRE][    ][    ][  ][RIGHT][    ]
[436][4561][0][32]  [FIRE][    ][    ][  ][     ][    ]
[437][4564][0][33]  [FIRE][    ][    ][  ][     ][LEFT]
[438][4569][0][32]  [FIRE][    ][    ][  ][     ][    ]
[439][4631][0][48]  [FIRE][JUMP][    ][  ][     ][    ]
[440][4637][0][52]  [FIRE][JUMP][    ][UP][     ][    ]
[441][4644][0][16]  [    ][JUMP][    ][  ][     ][    ]
[442][4645][0][ 0]  [    ][    ][    ][  ][     ][    ]
[443][4684][0][ 1]  [    ][    ][    ][  ][     ][LEFT]
[444][4689][0][33]  [FIRE][    ][    ][  ][     ][LEFT]
[445][4692][0][36]  [FIRE][    ][    ][UP][     ][    ]
[446][4699][0][32]  [FIRE][    ][    ][  ][     ][    ]
[447][4702][0][34]  [FIRE][    ][    ][  ][RIGHT][    ]
[448][4712][0][38]  [FIRE][    ][    ][UP][RIGHT][    ]
[449][4713][0][36]  [FIRE][    ][    ][UP][     ][    ]
[450][4717][0][37]  [FIRE][    ][    ][UP][     ][LEFT]
[451][4720][0][33]  [FIRE][    ][    ][  ][     ][LEFT]
[452][4724][0][32]  [FIRE][    ][    ][  ][     ][    ]
[453][4735][0][36]  [FIRE][    ][    ][UP][     ][    ]
[454][4792][0][52]  [FIRE][JUMP][    ][UP][     ][    ]
[455][4802][0][20]  [    ][JUMP][    ][UP][     ][    ]
[456][4805][0][ 4]  [    ][    ][    ][UP][     ][    ]
[457][4815][0][ 0]  [    ][    ][    ][  ][     ][    ]
[458][4857][0][36]  [FIRE][    ][    ][UP][     ][    ]
[459][4863][0][ 4]  [    ][    ][    ][UP][     ][    ]
[460][4866][0][36]  [FIRE][    ][    ][UP][     ][    ]
[461][4870][0][ 4]  [    ][    ][    ][UP][     ][    ]
[462][4874][0][36]  [FIRE][    ][    ][UP][     ][    ]
[463][4877][0][ 4]  [    ][    ][    ][UP][     ][    ]
[464][4878][0][ 6]  [    ][    ][    ][UP][RIGHT][    ]
[465][4881][0][38]  [FIRE][    ][    ][UP][RIGHT][    ]
[466][4884][0][ 4]  [    ][    ][    ][UP][     ][    ]
[467][4889][0][36]  [FIRE][    ][    ][UP][     ][    ]
[468][4891][0][37]  [FIRE][    ][    ][UP][     ][LEFT]
[469][4893][0][ 5]  [    ][    ][    ][UP][     ][LEFT]
[470][4894][0][17]  [    ][JUMP][    ][  ][     ][LEFT]
[471][4902][0][ 1]  [    ][    ][    ][  ][     ][LEFT]
[472][4903][0][ 0]  [    ][    ][    ][  ][     ][    ]
[473][4908][0][32]  [FIRE][    ][    ][  ][     ][    ]
[474][4912][0][34]  [FIRE][    ][    ][  ][RIGHT][    ]
[475][4916][0][32]  [FIRE][    ][    ][  ][     ][    ]
[476][4921][0][34]  [FIRE][    ][    ][  ][RIGHT][    ]
[477][4926][0][32]  [FIRE][    ][    ][  ][     ][    ]
[478][4930][0][34]  [FIRE][    ][    ][  ][RIGHT][    ]
[479][4936][0][32]  [FIRE][    ][    ][  ][     ][    ]
[480][4938][0][33]  [FIRE][    ][    ][  ][     ][LEFT]
[481][4944][0][32]  [FIRE][    ][    ][  ][     ][    ]
[482][4955][0][33]  [FIRE][    ][    ][  ][     ][LEFT]
[483][4959][0][32]  [FIRE][    ][    ][  ][     ][    ]
[484][4964][0][33]  [FIRE][    ][    ][  ][     ][LEFT]
[485][4968][0][32]  [FIRE][    ][    ][  ][     ][    ]
[486][5033][0][48]  [FIRE][JUMP][    ][  ][     ][    ]
[487][5038][0][52]  [FIRE][JUMP][    ][UP][     ][    ]
[488][5047][0][20]  [    ][JUMP][    ][UP][     ][    ]
[489][5050][0][ 4]  [    ][    ][    ][UP][     ][    ]
[490][5051][0][ 0]  [    ][    ][    ][  ][     ][    ]
[491][5075][0][ 2]  [    ][    ][    ][  ][RIGHT][    ]
[492][5080][0][ 0]  [    ][    ][    ][  ][     ][    ]
[493][5081][0][32]  [FIRE][    ][    ][  ][     ][    ]
[494][5084][0][34]  [FIRE][    ][    ][  ][RIGHT][    ]
[495][5090][0][32]  [FIRE][    ][    ][  ][     ][    ]
[496][5097][0][33]  [FIRE][    ][    ][  ][     ][LEFT]
[497][5106][0][32]  [FIRE][    ][    ][  ][     ][    ]
[498][5163][0][48]  [FIRE][JUMP][    ][  ][     ][    ]
[499][5169][0][52]  [FIRE][JUMP][    ][UP][     ][    ]
[500][5180][0][20]  [    ][JUMP][    ][UP][     ][    ]
[501][5181][0][ 4]  [    ][    ][    ][UP][     ][    ]
[502][5182][0][ 0]  [    ][    ][    ][  ][     ][    ]
[503][5225][0][ 1]  [    ][    ][    ][  ][     ][LEFT]
[504][5226][0][17]  [    ][JUMP][    ][  ][     ][LEFT]
[505][5229][0][21]  [    ][JUMP][    ][UP][     ][LEFT]
[506][5231][0][36]  [FIRE][    ][    ][UP][     ][    ]
[507][5232][0][37]  [FIRE][    ][    ][UP][     ][LEFT]
[508][5235][0][ 1]  [    ][    ][    ][  ][     ][LEFT]
[509][5237][0][ 5]  [    ][    ][    ][UP][     ][LEFT]
[510][5239][0][37]  [FIRE][    ][    ][UP][     ][LEFT]
[511][5240][0][36]  [FIRE][    ][    ][UP][     ][    ]
[512][5242][0][ 4]  [    ][    ][    ][UP][     ][    ]
[513][5246][0][36]  [FIRE][    ][    ][UP][     ][    ]
[514][5248][0][ 6]  [    ][    ][    ][UP][RIGHT][    ]
[515][5252][0][38]  [FIRE][    ][    ][UP][RIGHT][    ]
[516][5254][0][ 6]  [    ][    ][    ][UP][RIGHT][    ]
[517][5259][0][36]  [FIRE][    ][    ][UP][     ][    ]
[518][5261][0][ 4]  [    ][    ][    ][UP][     ][    ]
[519][5264][0][36]  [FIRE][    ][    ][UP][     ][    ]
[520][5267][0][ 4]  [    ][    ][    ][UP][     ][    ]
[521][5269][0][ 6]  [    ][    ][    ][UP][RIGHT][    ]
[522][5270][0][38]  [FIRE][    ][    ][UP][RIGHT][    ]
[523][5272][0][36]  [FIRE][    ][    ][UP][     ][    ]
[524][5273][0][ 5]  [    ][    ][    ][UP][     ][LEFT]
[525][5277][0][37]  [FIRE][    ][    ][UP][     ][LEFT]
[526][5279][0][ 5]  [    ][    ][    ][UP][     ][LEFT]
[527][5283][0][36]  [FIRE][    ][    ][UP][     ][    ]
[528][5285][0][ 4]  [    ][    ][    ][UP][     ][    ]
[529][5289][0][36]  [FIRE][    ][    ][UP][     ][    ]
[530][5291][0][ 4]  [    ][    ][    ][UP][     ][    ]
[531][5295][0][36]  [FIRE][    ][    ][UP][     ][    ]
[532][5298][0][ 4]  [    ][    ][    ][UP][     ][    ]
[533][5302][0][36]  [FIRE][    ][    ][UP][     ][    ]
[534][5304][0][ 4]  [    ][    ][    ][UP][     ][    ]
[535][5308][0][36]  [FIRE][    ][    ][UP][     ][    ]
[536][5311][0][ 4]  [    ][    ][    ][UP][     ][    ]
[537][5315][0][36]  [FIRE][    ][    ][UP][     ][    ]
[538][5318][0][ 4]  [    ][    ][    ][UP][     ][    ]
[539][5321][0][36]  [FIRE][    ][    ][UP][     ][    ]
[540][5323][0][ 4]  [    ][    ][    ][UP][     ][    ]
[541][5327][0][36]  [FIRE][    ][    ][UP][     ][    ]
[542][5330][0][ 4]  [    ][    ][    ][UP][     ][    ]
[543][5334][0][38]  [FIRE][    ][    ][UP][RIGHT][    ]
[544][5336][0][ 6]  [    ][    ][    ][UP][RIGHT][    ]
[545][5338][0][ 4]  [    ][    ][    ][UP][     ][    ]
[546][5339][0][36]  [FIRE][    ][    ][UP][     ][    ]
[547][5342][0][ 4]  [    ][    ][    ][UP][     ][    ]
[548][5343][0][ 5]  [    ][    ][    ][UP][     ][LEFT]
[549][5345][0][37]  [FIRE][    ][    ][UP][     ][LEFT]
[550][5347][0][36]  [FIRE][    ][    ][UP][     ][    ]
[551][5348][0][ 4]  [    ][    ][    ][UP][     ][    ]
[552][5351][0][36]  [FIRE][    ][    ][UP][     ][    ]
[553][5353][0][ 4]  [    ][    ][    ][UP][     ][    ]
[554][5357][0][36]  [FIRE][    ][    ][UP][     ][    ]
[555][5359][0][ 4]  [    ][    ][    ][UP][     ][    ]
[556][5362][0][36]  [FIRE][    ][    ][UP][     ][    ]
[557][5363][0][38]  [FIRE][    ][    ][UP][RIGHT][    ]
[558][5366][0][ 6]  [    ][    ][    ][UP][RIGHT][    ]
[559][5368][0][38]  [FIRE][    ][    ][UP][RIGHT][    ]
[560][5369][0][36]  [FIRE][    ][    ][UP][     ][    ]
[561][5371][0][ 4]  [    ][    ][    ][UP][     ][    ]
[562][5375][0][36]  [FIRE][    ][    ][UP][     ][    ]
[563][5377][0][ 4]  [    ][    ][    ][UP][     ][    ]
[564][5380][0][36]  [FIRE][    ][    ][UP][     ][    ]
[565][5384][0][ 4]  [    ][    ][    ][UP][     ][    ]
[566][5385][0][ 6]  [    ][    ][    ][UP][RIGHT][    ]
[567][5387][0][38]  [FIRE][    ][    ][UP][RIGHT][    ]
[568][5390][0][ 6]  [    ][    ][    ][UP][RIGHT][    ]
[569][5394][0][38]  [FIRE][    ][    ][UP][RIGHT][    ]
[570][5397][0][ 4]  [    ][    ][    ][UP][     ][    ]
[571][5400][0][36]  [FIRE][    ][    ][UP][     ][    ]
[572][5403][0][ 4]  [    ][    ][    ][UP][     ][    ]
[573][5406][0][36]  [FIRE][    ][    ][UP][     ][    ]
[574][5409][0][ 4]  [    ][    ][    ][UP][     ][    ]
[575][5412][0][36]  [FIRE][    ][    ][UP][     ][    ]
[576][5416][0][ 6]  [    ][    ][    ][UP][RIGHT][    ]
[577][5419][0][38]  [FIRE][    ][    ][UP][RIGHT][    ]
[578][5421][0][ 6]  [    ][    ][    ][UP][RIGHT][    ]
[579][5425][0][38]  [FIRE][    ][    ][UP][RIGHT][    ]
[580][5429][0][ 6]  [    ][    ][    ][UP][RIGHT][    ]
[581][5434][0][38]  [FIRE][    ][    ][UP][RIGHT][    ]
[582][5437][0][ 6]  [    ][    ][    ][UP][RIGHT][    ]
[583][5442][0][38]  [FIRE][    ][    ][UP][RIGHT][    ]
[584][5445][0][ 6]  [    ][    ][    ][UP][RIGHT][    ]
[585][5449][0][38]  [FIRE][    ][    ][UP][RIGHT][    ]
[586][5452][0][ 6]  [    ][    ][    ][UP][RIGHT][    ]
[587][5458][0][ 2]  [    ][    ][    ][  ][RIGHT][    ]
[588][5468][0][18]  [    ][JUMP][    ][  ][RIGHT][    ]
[589][5480][0][ 2]  [    ][    ][    ][  ][RIGHT][    ]
[590][5494][0][ 0]  [    ][    ][    ][  ][     ][    ]
[591][5497][0][32]  [FIRE][    ][    ][  ][     ][    ]
[592][5505][0][33]  [FIRE][    ][    ][  ][     ][LEFT]
[593][5517][0][32]  [FIRE][    ][    ][  ][     ][    ]
[594][5553][0][48]  [FIRE][JUMP][    ][  ][     ][    ]
[595][5555][0][52]  [FIRE][JUMP][    ][UP][     ][    ]
[596][5567][0][20]  [    ][JUMP][    ][UP][     ][    ]
[597][5570][0][ 4]  [    ][    ][    ][UP][     ][    ]
[598][5574][0][ 0]  [    ][    ][    ][  ][     ][    ]
[599][5586][0][ 2]  [    ][    ][    ][  ][RIGHT][    ]
[600][5592][0][ 0]  [    ][    ][    ][  ][     ][    ]
[601][5593][0][32]  [FIRE][    ][    ][  ][     ][    ]
[602][5606][0][33]  [FIRE][    ][    ][  ][     ][LEFT]
[603][5622][0][49]  [FIRE][JUMP][    ][  ][     ][LEFT]
[604][5634][0][33]  [FIRE][    ][    ][  ][     ][LEFT]
[605][5675][0][34]  [FIRE][    ][    ][  ][RIGHT][    ]
[606][5716][0][50]  [FIRE][JUMP][    ][  ][RIGHT][    ]
[607][5730][0][54]  [FIRE][JUMP][    ][UP][RIGHT][    ]
[608][5732][0][52]  [FIRE][JUMP][    ][UP][     ][    ]
[609][5738][0][20]  [    ][JUMP][    ][UP][     ][    ]
[610][5739][0][21]  [    ][JUMP][    ][UP][     ][LEFT]
[611][5741][0][ 5]  [    ][    ][    ][UP][     ][LEFT]
[612][5744][0][ 4]  [    ][    ][    ][UP][     ][    ]
[613][5745][0][ 0]  [    ][    ][    ][  ][     ][    ]
[614][5785][0][ 2]  [    ][    ][    ][  ][RIGHT][    ]
[615][5797][0][ 0]  [    ][    ][    ][  ][     ][    ]
[616][5815][0][ 2]  [    ][    ][    ][  ][RIGHT][    ]
[617][5821][0][ 6]  [    ][    ][    ][UP][RIGHT][    ]
[618][5823][0][38]  [FIRE][    ][    ][UP][RIGHT][    ]
[619][5825][0][36]  [FIRE][    ][    ][UP][     ][    ]
[620][5828][0][ 4]  [    ][    ][    ][UP][     ][    ]
[621][5830][0][ 0]  [    ][    ][    ][  ][     ][    ]
[622][5832][0][32]  [FIRE][    ][    ][  ][     ][    ]
[623][5835][0][ 0]  [    ][    ][    ][  ][     ][    ]
[624][5837][0][ 2]  [    ][    ][    ][  ][RIGHT][    ]
[625][5839][0][34]  [FIRE][    ][    ][  ][RIGHT][    ]
[626][5841][0][ 2]  [    ][    ][    ][  ][RIGHT][    ]
[627][5845][0][34]  [FIRE][    ][    ][  ][RIGHT][    ]
[628][5847][0][ 2]  [    ][    ][    ][  ][RIGHT][    ]
[629][5851][0][34]  [FIRE][    ][    ][  ][RIGHT][    ]
[630][5853][0][ 2]  [    ][    ][    ][  ][RIGHT][    ]
[631][5856][0][34]  [FIRE][    ][    ][  ][RIGHT][    ]
[632][5858][0][ 2]  [    ][    ][    ][  ][RIGHT][    ]
[633][5862][0][34]  [FIRE][    ][    ][  ][RIGHT][    ]
[634][5865][0][ 2]  [    ][    ][    ][  ][RIGHT][    ]
[635][5867][0][34]  [FIRE][    ][    ][  ][RIGHT][    ]
[636][5870][0][ 2]  [    ][    ][    ][  ][RIGHT][    ]
[637][5874][0][34]  [FIRE][    ][    ][  ][RIGHT][    ]
[638][5876][0][ 2]  [    ][    ][    ][  ][RIGHT][    ]
[639][5880][0][34]  [FIRE][    ][    ][  ][RIGHT][    ]
[640][5882][0][ 2]  [    ][    ][    ][  ][RIGHT][    ]
[641][5886][0][35]  [FIRE][    ][    ][  ][RIGHT][LEFT]
[642][5887][0][33]  [FIRE][    ][    ][  ][     ][LEFT]
[643][5888][0][ 1]  [    ][    ][    ][  ][     ][LEFT]
[644][5894][0][33]  [FIRE][    ][    ][  ][     ][LEFT]
[645][5897][0][ 1]  [    ][    ][    ][  ][     ][LEFT]
[646][5902][0][33]  [FIRE][    ][    ][  ][     ][LEFT]
[647][5906][0][ 1]  [    ][    ][    ][  ][     ][LEFT]
[648][5912][0][33]  [FIRE][    ][    ][  ][     ][LEFT]
[649][5917][0][ 1]  [    ][    ][    ][  ][     ][LEFT]
[650][5932][0][ 0]  [    ][    ][    ][  ][     ][    ]
[651][5933][0][ 2]  [    ][    ][    ][  ][RIGHT][    ]
[652][5956][0][18]  [    ][JUMP][    ][  ][RIGHT][    ]
[653][5974][0][ 2]  [    ][    ][    ][  ][RIGHT][    ]
[654][5976][0][ 1]  [    ][    ][    ][  ][     ][LEFT]
[655][5981][0][ 0]  [    ][    ][    ][  ][     ][    ]
[656][5984][0][32]  [FIRE][    ][    ][  ][     ][    ]
[657][5986][0][ 2]  [    ][    ][    ][  ][RIGHT][    ]
[658][6004][0][ 0]  [    ][    ][    ][  ][     ][    ]
[659][6025][0][16]  [    ][JUMP][    ][  ][     ][    ]
[660][6032][0][18]  [    ][JUMP][    ][  ][RIGHT][    ]
[661][6038][0][ 2]  [    ][    ][    ][  ][RIGHT][    ]
[662][6050][0][ 0]  [    ][    ][    ][  ][     ][    ]
[663][6064][0][ 2]  [    ][    ][    ][  ][RIGHT][    ]
[664][6071][0][ 0]  [    ][    ][    ][  ][     ][    ]
[665][6141][0][16]  [    ][JUMP][    ][  ][     ][    ]
[666][6148][0][ 1]  [    ][    ][    ][  ][     ][LEFT]
[667][6150][0][ 0]  [    ][    ][    ][  ][     ][    ]
[668][6176][0][34]  [FIRE][    ][    ][  ][RIGHT][    ]
[669][6183][0][32]  [FIRE][    ][    ][  ][     ][    ]
[670][6184][0][33]  [FIRE][    ][    ][  ][     ][LEFT]
[671][6214][0][32]  [FIRE][    ][    ][  ][     ][    ]
[672][6226][0][48]  [FIRE][JUMP][    ][  ][     ][    ]
[673][6232][0][52]  [FIRE][JUMP][    ][UP][     ][    ]
[674][6237][0][20]  [    ][JUMP][    ][UP][     ][    ]
[675][6240][0][ 0]  [    ][    ][    ][  ][     ][    ]
[676][6328][0][ 8]  [    ][    ][DOWN][  ][     ][    ]
[677][6333][0][ 0]  [    ][    ][    ][  ][     ][    ]
[678][6364][0][ 2]  [    ][    ][    ][  ][RIGHT][    ]
[679][6379][0][32]  [FIRE][    ][    ][  ][     ][    ]
[680][6384][0][33]  [FIRE][    ][    ][  ][     ][LEFT]
[681][6390][0][32]  [FIRE][    ][    ][  ][     ][    ]
[682][6413][0][48]  [FIRE][JUMP][    ][  ][     ][    ]
[683][6418][0][52]  [FIRE][JUMP][    ][UP][     ][    ]
[684][6426][0][20]  [    ][JUMP][    ][UP][     ][    ]
[685][6429][0][ 0]  [    ][    ][    ][  ][     ][    ]
[686][6475][0][ 8]  [    ][    ][DOWN][  ][     ][    ]
[687][6480][0][ 0]  [    ][    ][    ][  ][     ][    ]
[688][6505][0][16]  [    ][JUMP][    ][  ][     ][    ]
[689][6512][0][18]  [    ][JUMP][    ][  ][RIGHT][    ]
[690][6519][0][17]  [    ][JUMP][    ][  ][     ][LEFT]
[691][6521][0][ 1]  [    ][    ][    ][  ][     ][LEFT]
[692][6533][0][ 0]  [    ][    ][    ][  ][     ][    ]
[693][6537][0][32]  [FIRE][    ][    ][  ][     ][    ]
[694][6555][0][48]  [FIRE][JUMP][    ][  ][     ][    ]
[695][6557][0][52]  [FIRE][JUMP][    ][UP][     ][    ]
[696][6571][0][20]  [    ][JUMP][    ][UP][     ][    ]
[697][6573][0][16]  [    ][JUMP][    ][  ][     ][    ]
[698][6578][0][ 0]  [    ][    ][    ][  ][     ][    ]
[699][6589][0][ 8]  [    ][    ][DOWN][  ][     ][    ]
[700][6595][0][ 0]  [    ][    ][    ][  ][     ][    ]
[701][6617][0][ 1]  [    ][    ][    ][  ][     ][LEFT]
[702][6622][0][17]  [    ][JUMP][    ][  ][     ][LEFT]
[703][6633][0][ 1]  [    ][    ][    ][  ][     ][LEFT]
[704][6639][0][ 0]  [    ][    ][    ][  ][     ][    ]
[705][6642][0][ 2]  [    ][    ][    ][  ][RIGHT][    ]
[706][6672][0][33]  [FIRE][    ][    ][  ][     ][LEFT]
[707][6701][0][49]  [FIRE][JUMP][    ][  ][     ][LEFT]
[708][6715][0][57]  [FIRE][JUMP][DOWN][  ][     ][LEFT]
[709][6716][0][25]  [    ][JUMP][DOWN][  ][     ][LEFT]
[710][6720][0][ 9]  [    ][    ][DOWN][  ][     ][LEFT]
[711][6722][0][ 1]  [    ][    ][    ][  ][     ][LEFT]
[712][6724][0][ 0]  [    ][    ][    ][  ][     ][    ]
[713][6743][0][ 2]  [    ][    ][    ][  ][RIGHT][    ]
[714][6754][0][18]  [    ][JUMP][    ][  ][RIGHT][    ]
[715][6773][0][ 2]  [    ][    ][    ][  ][RIGHT][    ]
[716][6792][0][32]  [FIRE][    ][    ][  ][     ][    ]
[717][6795][0][33]  [FIRE][    ][    ][  ][     ][LEFT]
[718][6825][0][32]  [FIRE][    ][    ][  ][     ][    ]
[719][6830][0][36]  [FIRE][    ][    ][UP][     ][    ]
[720][6857][0][52]  [FIRE][JUMP][    ][UP][     ][    ]
[721][6862][0][16]  [    ][JUMP][    ][  ][     ][    ]
[722][6864][0][ 0]  [    ][    ][    ][  ][     ][    ]
[723][6866][0][ 8]  [    ][    ][DOWN][  ][     ][    ]
[724][6873][0][ 0]  [    ][    ][    ][  ][     ][    ]
[725][6896][0][ 2]  [    ][    ][    ][  ][RIGHT][    ]
[726][6906][0][18]  [    ][JUMP][    ][  ][RIGHT][    ]
[727][6917][0][ 2]  [    ][    ][    ][  ][RIGHT][    ]
[728][6929][0][34]  [FIRE][    ][    ][  ][RIGHT][    ]
[729][6930][0][32]  [FIRE][    ][    ][  ][     ][    ]
[730][6931][0][33]  [FIRE][    ][    ][  ][     ][LEFT]
[731][6976][0][32]  [FIRE][    ][    ][  ][     ][    ]
[732][7003][0][48]  [FIRE][JUMP][    ][  ][     ][    ]
[733][7005][0][52]  [FIRE][JUMP][    ][UP][     ][    ]
[734][7008][0][20]  [    ][JUMP][    ][UP][     ][    ]
[735][7009][0][16]  [    ][JUMP][    ][  ][     ][    ]
[736][7010][0][ 0]  [    ][    ][    ][  ][     ][    ]
[737][7014][0][ 8]  [    ][    ][DOWN][  ][     ][    ]
[738][7021][0][ 0]  [    ][    ][    ][  ][     ][    ]
[739][7046][0][ 2]  [    ][    ][    ][  ][RIGHT][    ]
[740][7055][0][18]  [    ][JUMP][    ][  ][RIGHT][    ]
[741][7063][0][ 0]  [    ][    ][    ][  ][     ][    ]
[742][7069][0][ 2]  [    ][    ][    ][  ][RIGHT][    ]
[743][7078][0][ 0]  [    ][    ][    ][  ][     ][    ]
[744][7081][0][ 1]  [    ][    ][    ][  ][     ][LEFT]
[745][7084][0][ 0]  [    ][    ][    ][  ][     ][    ]
[746][7085][0][32]  [FIRE][    ][    ][  ][     ][    ]
[747][7113][0][33]  [FIRE][    ][    ][  ][     ][LEFT]
[748][7119][0][ 1]  [    ][    ][    ][  ][     ][LEFT]
[749][7120][0][ 0]  [    ][    ][    ][  ][     ][    ]
[750][7131][0][ 8]  [    ][    ][DOWN][  ][     ][    ]
[751][7136][0][ 0]  [    ][    ][    ][  ][     ][    ]
[752][7138][0][16]  [    ][JUMP][    ][  ][     ][    ]
[753][7141][0][18]  [    ][JUMP][    ][  ][RIGHT][    ]
[754][7151][0][ 2]  [    ][    ][    ][  ][RIGHT][    ]
[755][7154][0][ 0]  [    ][    ][    ][  ][     ][    ]
[756][7161][0][ 1]  [    ][    ][    ][  ][     ][LEFT]
[757][7163][0][ 0]  [    ][    ][    ][  ][     ][    ]
[758][7176][0][ 1]  [    ][    ][    ][  ][     ][LEFT]
[759][7188][0][33]  [FIRE][    ][    ][  ][     ][LEFT]
[760][7197][0][32]  [FIRE][    ][    ][  ][     ][    ]
[761][7207][0][33]  [FIRE][    ][    ][  ][     ][LEFT]
[762][7235][0][32]  [FIRE][    ][    ][  ][     ][    ]
[763][7241][0][48]  [FIRE][JUMP][    ][  ][     ][    ]
[764][7247][0][16]  [    ][JUMP][    ][  ][     ][    ]
[765][7250][0][ 0]  [    ][    ][    ][  ][     ][    ]
[766][7251][0][ 8]  [    ][    ][DOWN][  ][     ][    ]
[767][7256][0][ 0]  [    ][    ][    ][  ][     ][    ]
[768][7275][0][ 2]  [    ][    ][    ][  ][RIGHT][    ]
[769][7282][0][18]  [    ][JUMP][    ][  ][RIGHT][    ]
[770][7294][0][ 2]  [    ][    ][    ][  ][RIGHT][    ]
[771][7318][0][32]  [FIRE][    ][    ][  ][     ][    ]
[772][7323][0][33]  [FIRE][    ][    ][  ][     ][LEFT]
[773][7348][0][49]  [FIRE][JUMP][    ][  ][     ][LEFT]
[774][7370][0][17]  [    ][JUMP][    ][  ][     ][LEFT]
[775][7373][0][ 1]  [    ][    ][    ][  ][     ][LEFT]
[776][7375][0][ 0]  [    ][    ][    ][  ][     ][    ]
[777][7394][0][ 8]  [    ][    ][DOWN][  ][     ][    ]
[778][7399][0][ 0]  [    ][    ][    ][  ][     ][    ]
[779][7427][0][ 2]  [    ][    ][    ][  ][RIGHT][    ]
[780][7439][0][18]  [    ][JUMP][    ][  ][RIGHT][    ]
[781][7466][0][ 2]  [    ][    ][    ][  ][RIGHT][    ]
[782][7474][0][34]  [FIRE][    ][    ][  ][RIGHT][    ]
[783][7475][0][32]  [FIRE][    ][    ][  ][     ][    ]
[784][7479][0][33]  [FIRE][    ][    ][  ][     ][LEFT]
[785][7506][0][34]  [FIRE][    ][    ][  ][RIGHT][    ]
[786][7522][0][50]  [FIRE][JUMP][    ][  ][RIGHT][    ]
[787][7538][0][54]  [FIRE][JUMP][    ][UP][RIGHT][    ]
[788][7544][0][22]  [    ][JUMP][    ][UP][RIGHT][    ]
[789][7545][0][ 6]  [    ][    ][    ][UP][RIGHT][    ]
[790][7547][0][ 2]  [    ][    ][    ][  ][RIGHT][    ]
[791][7549][0][ 0]  [    ][    ][    ][  ][     ][    ]
[792][7564][0][ 1]  [    ][    ][    ][  ][     ][LEFT]
[793][7586][0][ 0]  [    ][    ][    ][  ][     ][    ]
[794][7600][0][ 8]  [    ][    ][DOWN][  ][     ][    ]
[795][7605][0][ 0]  [    ][    ][    ][  ][     ][    ]
[796][7624][0][16]  [    ][JUMP][    ][  ][     ][    ]
[797][7631][0][17]  [    ][JUMP][    ][  ][     ][LEFT]
[798][7634][0][ 1]  [    ][    ][    ][  ][     ][LEFT]
[799][7639][0][ 0]  [    ][    ][    ][  ][     ][    ]
[800][7648][0][ 1]  [    ][    ][    ][  ][     ][LEFT]
[801][7685][0][17]  [    ][JUMP][    ][  ][     ][LEFT]
[802][7686][0][18]  [    ][JUMP][    ][  ][RIGHT][    ]
[803][7702][0][ 2]  [    ][    ][    ][  ][RIGHT][    ]
[804][7722][0][34]  [FIRE][    ][    ][  ][RIGHT][    ]
[805][7730][0][32]  [FIRE][    ][    ][  ][     ][    ]
[806][7741][0][34]  [FIRE][    ][    ][  ][RIGHT][    ]
[807][7758][0][32]  [FIRE][    ][    ][  ][     ][    ]
[808][7773][0][34]  [FIRE][    ][    ][  ][RIGHT][    ]
[809][7780][0][32]  [FIRE][    ][    ][  ][     ][    ]
[810][7795][0][48]  [FIRE][JUMP][    ][  ][     ][    ]
[811][7799][0][52]  [FIRE][JUMP][    ][UP][     ][    ]
[812][7806][0][16]  [    ][JUMP][    ][  ][     ][    ]
[813][7810][0][ 0]  [    ][    ][    ][  ][     ][    ]
[814][7839][0][ 1]  [    ][    ][    ][  ][     ][LEFT]
[815][7852][0][17]  [    ][JUMP][    ][  ][     ][LEFT]
[816][7861][0][ 1]  [    ][    ][    ][  ][     ][LEFT]
[817][7872][0][33]  [FIRE][    ][    ][  ][     ][LEFT]
[818][7874][0][34]  [FIRE][    ][    ][  ][RIGHT][    ]
[819][7916][0][33]  [FIRE][    ][    ][  ][     ][LEFT]
[820][7921][0][32]  [FIRE][    ][    ][  ][     ][    ]
[821][7935][0][34]  [FIRE][    ][    ][  ][RIGHT][    ]
[822][7941][0][32]  [FIRE][    ][    ][  ][     ][    ]
[823][7950][0][33]  [FIRE][    ][    ][  ][     ][LEFT]
[824][7956][0][32]  [FIRE][    ][    ][  ][     ][    ]
[825][7972][0][48]  [FIRE][JUMP][    ][  ][     ][    ]
[826][7976][0][52]  [FIRE][JUMP][    ][UP][     ][    ]
[827][7984][0][20]  [    ][JUMP][    ][UP][     ][    ]
[828][7985][0][16]  [    ][JUMP][    ][  ][     ][    ]
[829][7989][0][ 0]  [    ][    ][    ][  ][     ][    ]
[830][7999][0][ 8]  [    ][    ][DOWN][  ][     ][    ]
[831][8004][0][ 0]  [    ][    ][    ][  ][     ][    ]
[832][8020][0][ 1]  [    ][    ][    ][  ][     ][LEFT]
[833][8056][0][ 3]  [    ][    ][    ][  ][RIGHT][LEFT]
[834][8057][0][ 2]  [    ][    ][    ][  ][RIGHT][    ]
[835][8084][0][ 0]  [    ][    ][    ][  ][     ][    ]
[836][8089][0][ 2]  [    ][    ][    ][  ][RIGHT][    ]
[837][8099][0][ 0]  [    ][    ][    ][  ][     ][    ]
[838][8102][0][16]  [    ][JUMP][    ][  ][     ][    ]
[839][8122][0][ 0]  [    ][    ][    ][  ][     ][    ]
[840][8128][0][ 1]  [    ][    ][    ][  ][     ][LEFT]
[841][8159][0][ 0]  [    ][    ][    ][  ][     ][    ]
[842][8180][0][ 1]  [    ][    ][    ][  ][     ][LEFT]
[843][8184][0][33]  [FIRE][    ][    ][  ][     ][LEFT]
[844][8223][0][49]  [FIRE][JUMP][    ][  ][     ][LEFT]
[845][8237][0][33]  [FIRE][    ][    ][  ][     ][LEFT]
[846][8256][0][49]  [FIRE][JUMP][    ][  ][     ][LEFT]
[847][8271][0][53]  [FIRE][JUMP][    ][UP][     ][LEFT]
[848][8274][0][52]  [FIRE][JUMP][    ][UP][     ][    ]
[849][8277][0][20]  [    ][JUMP][    ][UP][     ][    ]
[850][8281][0][ 4]  [    ][    ][    ][UP][     ][    ]
[851][8282][0][ 0]  [    ][    ][    ][  ][     ][    ]
[852][8289][0][ 8]  [    ][    ][DOWN][  ][     ][    ]
[853][8297][0][ 0]  [    ][    ][    ][  ][     ][    ]
[854][8311][0][ 2]  [    ][    ][    ][  ][RIGHT][    ]
[855][8317][0][18]  [    ][JUMP][    ][  ][RIGHT][    ]
[856][8331][0][ 2]  [    ][    ][    ][  ][RIGHT][    ]
[857][8332][0][34]  [FIRE][    ][    ][  ][RIGHT][    ]
[858][8340][0][32]  [FIRE][    ][    ][  ][     ][    ]
[859][8346][0][33]  [FIRE][    ][    ][  ][     ][LEFT]
[860][8350][0][49]  [FIRE][JUMP][    ][  ][     ][LEFT]
[861][8365][0][17]  [    ][JUMP][    ][  ][     ][LEFT]
[862][8369][0][ 1]  [    ][    ][    ][  ][     ][LEFT]
[863][8382][0][ 0]  [    ][    ][    ][  ][     ][    ]
[864][8414][0][ 2]  [    ][    ][    ][  ][RIGHT][    ]
[865][8446][0][18]  [    ][JUMP][    ][  ][RIGHT][    ]
[866][8484][0][ 0]  [    ][    ][    ][  ][     ][    ]
[867][8485][0][ 1]  [    ][    ][    ][  ][     ][LEFT]
[868][8520][0][33]  [FIRE][    ][    ][  ][     ][LEFT]
[869][8610][0][32]  [FIRE][    ][    ][  ][     ][    ]
[870][8616][0][52]  [FIRE][JUMP][    ][UP][     ][    ]
[871][8623][0][20]  [    ][JUMP][    ][UP][     ][    ]
[872][8627][0][ 4]  [    ][    ][    ][UP][     ][    ]
[873][8630][0][ 0]  [    ][    ][    ][  ][     ][    ]
[874][8727][0][ 2]  [    ][    ][    ][  ][RIGHT][    ]
[875][8767][0][32]  [FIRE][    ][    ][  ][     ][    ]
[876][8774][0][33]  [FIRE][    ][    ][  ][     ][LEFT]
[877][8800][0][32]  [FIRE][    ][    ][  ][     ][    ]
[878][8809][0][33]  [FIRE][    ][    ][  ][     ][LEFT]
[879][8813][0][32]  [FIRE][    ][    ][  ][     ][    ]
[880][8851][0][48]  [FIRE][JUMP][    ][  ][     ][    ]
[881][8855][0][52]  [FIRE][JUMP][    ][UP][     ][    ]
[882][8871][0][20]  [    ][JUMP][    ][UP][     ][    ]
[883][8873][0][ 0]  [    ][    ][    ][  ][     ][    ]
[884][8910][0][ 2]  [    ][    ][    ][  ][RIGHT][    ]
[885][8926][0][18]  [    ][JUMP][    ][  ][RIGHT][    ]
[886][8935][0][ 0]  [    ][    ][    ][  ][     ][    ]
[887][8937][0][32]  [FIRE][    ][    ][  ][     ][    ]
[888][8950][0][33]  [FIRE][    ][    ][  ][     ][LEFT]
[889][8961][0][32]  [FIRE][    ][    ][  ][     ][    ]
[890][8970][0][33]  [FIRE][    ][    ][  ][     ][LEFT]
[891][8975][0][32]  [FIRE][    ][    ][  ][     ][    ]
[892][8979][0][33]  [FIRE][    ][    ][  ][     ][LEFT]
[893][8983][0][32]  [FIRE][    ][    ][  ][     ][    ]
[894][8988][0][33]  [FIRE][    ][    ][  ][     ][LEFT]
[895][8991][0][32]  [FIRE][    ][    ][  ][     ][    ]
[896][8999][0][33]  [FIRE][    ][    ][  ][     ][LEFT]
[897][9003][0][32]  [FIRE][    ][    ][  ][     ][    ]
[898][9043][0][48]  [FIRE][JUMP][    ][  ][     ][    ]
[899][9048][0][52]  [FIRE][JUMP][    ][UP][     ][    ]
[900][9062][0][20]  [    ][JUMP][    ][UP][     ][    ]
[901][9066][0][ 4]  [    ][    ][    ][UP][     ][    ]
[902][9069][0][ 0]  [    ][    ][    ][  ][     ][    ]
[903][9100][0][ 2]  [    ][    ][    ][  ][RIGHT][    ]
[904][9108][0][18]  [    ][JUMP][    ][  ][RIGHT][    ]
[905][9119][0][50]  [FIRE][JUMP][    ][  ][RIGHT][    ]
[906][9120][0][34]  [FIRE][    ][    ][  ][RIGHT][    ]
[907][9122][0][32]  [FIRE][    ][    ][  ][     ][    ]
[908][9128][0][33]  [FIRE][    ][    ][  ][     ][LEFT]
[909][9150][0][32]  [FIRE][    ][    ][  ][     ][    ]
[910][9161][0][33]  [FIRE][    ][    ][  ][     ][LEFT]
[911][9163][0][32]  [FIRE][    ][    ][  ][     ][    ]
[912][9182][0][33]  [FIRE][    ][    ][  ][     ][LEFT]
[913][9186][0][32]  [FIRE][    ][    ][  ][     ][    ]
[914][9202][0][48]  [FIRE][JUMP][    ][  ][     ][    ]
[915][9206][0][52]  [FIRE][JUMP][    ][UP][     ][    ]
[916][9221][0][20]  [    ][JUMP][    ][UP][     ][    ]
[917][9225][0][ 4]  [    ][    ][    ][UP][     ][    ]
[918][9227][0][ 0]  [    ][    ][    ][  ][     ][    ]
[919][9278][0][ 2]  [    ][    ][    ][  ][RIGHT][    ]
[920][9310][0][18]  [    ][JUMP][    ][  ][RIGHT][    ]
[921][9312][0][16]  [    ][JUMP][    ][  ][     ][    ]
[922][9316][0][17]  [    ][JUMP][    ][  ][     ][LEFT]
[923][9320][0][49]  [FIRE][JUMP][    ][  ][     ][LEFT]
[924][9323][0][33]  [FIRE][    ][    ][  ][     ][LEFT]
[925][9326][0][ 1]  [    ][    ][    ][  ][     ][LEFT]
[926][9331][0][33]  [FIRE][    ][    ][  ][     ][LEFT]
[927][9335][0][ 1]  [    ][    ][    ][  ][     ][LEFT]
[928][9340][0][33]  [FIRE][    ][    ][  ][     ][LEFT]
[929][9344][0][ 1]  [    ][    ][    ][  ][     ][LEFT]
[930][9346][0][ 3]  [    ][    ][    ][  ][RIGHT][LEFT]
[931][9348][0][ 2]  [    ][    ][    ][  ][RIGHT][    ]
[932][9349][0][34]  [FIRE][    ][    ][  ][RIGHT][    ]
[933][9351][0][33]  [FIRE][    ][    ][  ][     ][LEFT]
[934][9353][0][ 1]  [    ][    ][    ][  ][     ][LEFT]
[935][9358][0][33]  [FIRE][    ][    ][  ][     ][LEFT]
[936][9359][0][32]  [FIRE][    ][    ][  ][     ][    ]
[937][9363][0][ 0]  [    ][    ][    ][  ][     ][    ]
[938][9368][0][ 2]  [    ][    ][    ][  ][RIGHT][    ]
[939][9380][0][ 0]  [    ][    ][    ][  ][     ][    ]
[940][9387][0][ 1]  [    ][    ][    ][  ][     ][LEFT]
[941][9391][0][ 0]  [    ][    ][    ][  ][     ][    ]
[942][9394][0][16]  [    ][JUMP][    ][  ][     ][    ]
[943][9398][0][18]  [    ][JUMP][    ][  ][RIGHT][    ]
[944][9411][0][ 2]  [    ][    ][    ][  ][RIGHT][    ]
[945][9429][0][32]  [FIRE][    ][    ][  ][     ][    ]
[946][9435][0][34]  [FIRE][    ][    ][  ][RIGHT][    ]
[947][9442][0][48]  [FIRE][JUMP][    ][  ][     ][    ]
[948][9444][0][52]  [FIRE][JUMP][    ][UP][     ][    ]
[949][9451][0][20]  [    ][JUMP][    ][UP][     ][    ]
[950][9453][0][ 0]  [    ][    ][    ][  ][     ][    ]
[951][9461][0][ 1]  [    ][    ][    ][  ][     ][LEFT]
[952][9477][0][33]  [FIRE][    ][    ][  ][     ][LEFT]
[953][9479][0][32]  [FIRE][    ][    ][  ][     ][    ]
[954][9483][0][34]  [FIRE][    ][    ][  ][RIGHT][    ]
[955][9507][0][32]  [FIRE][    ][    ][  ][     ][    ]
[956][9528][0][33]  [FIRE][    ][    ][  ][     ][LEFT]
[957][9532][0][32]  [FIRE][    ][    ][  ][     ][    ]
[958][9560][0][48]  [FIRE][JUMP][    ][  ][     ][    ]
[959][9565][0][52]  [FIRE][JUMP][    ][UP][     ][    ]
[960][9577][0][20]  [    ][JUMP][    ][UP][     ][    ]
[961][9579][0][ 0]  [    ][    ][    ][  ][     ][    ]
[962][9627][0][16]  [    ][JUMP][    ][  ][     ][    ]
[963][9643][0][18]  [    ][JUMP][    ][  ][RIGHT][    ]
[964][9650][0][34]  [FIRE][    ][    ][  ][RIGHT][    ]
[965][9652][0][38]  [FIRE][    ][    ][UP][RIGHT][    ]
[966][9657][0][ 6]  [    ][    ][    ][UP][RIGHT][    ]
[967][9662][0][38]  [FIRE][    ][    ][UP][RIGHT][    ]
[968][9668][0][ 6]  [    ][    ][    ][UP][RIGHT][    ]
[969][9673][0][38]  [FIRE][    ][    ][UP][RIGHT][    ]
[970][9676][0][ 6]  [    ][    ][    ][UP][RIGHT][    ]
[971][9680][0][38]  [FIRE][    ][    ][UP][RIGHT][    ]
[972][9683][0][ 6]  [    ][    ][    ][UP][RIGHT][    ]
[973][9686][0][ 4]  [    ][    ][    ][UP][     ][    ]
[974][9687][0][36]  [FIRE][    ][    ][UP][     ][    ]
[975][9690][0][ 4]  [    ][    ][    ][UP][     ][    ]
[976][9695][0][37]  [FIRE][    ][    ][UP][     ][LEFT]
[977][9696][0][ 5]  [    ][    ][    ][UP][     ][LEFT]
[978][9698][0][ 1]  [    ][    ][    ][  ][     ][LEFT]
[979][9699][0][ 5]  [    ][    ][    ][UP][     ][LEFT]
[980][9700][0][ 4]  [    ][    ][    ][UP][     ][    ]
[981][9701][0][36]  [FIRE][    ][    ][UP][     ][    ]
[982][9703][0][ 4]  [    ][    ][    ][UP][     ][    ]
[983][9707][0][36]  [FIRE][    ][    ][UP][     ][    ]
[984][9709][0][37]  [FIRE][    ][    ][UP][     ][LEFT]
[985][9710][0][ 5]  [    ][    ][    ][UP][     ][LEFT]
[986][9714][0][36]  [FIRE][    ][    ][UP][     ][    ]
[987][9717][0][ 4]  [    ][    ][    ][UP][     ][    ]
[988][9721][0][36]  [FIRE][    ][    ][UP][     ][    ]
[989][9722][0][37]  [FIRE][    ][    ][UP][     ][LEFT]
[990][9723][0][ 5]  [    ][    ][    ][UP][     ][LEFT]
[991][9727][0][37]  [FIRE][    ][    ][UP][     ][LEFT]
[992][9730][0][ 5]  [    ][    ][    ][UP][     ][LEFT]
[993][9735][0][37]  [FIRE][    ][    ][UP][     ][LEFT]
[994][9737][0][ 5]  [    ][    ][    ][UP][     ][LEFT]
[995][9742][0][37]  [FIRE][    ][    ][UP][     ][LEFT]
[996][9744][0][ 5]  [    ][    ][    ][UP][     ][LEFT]
[997][9749][0][37]  [FIRE][    ][    ][UP][     ][LEFT]
[998][9751][0][ 5]  [    ][    ][    ][UP][     ][LEFT]
[999][9756][0][37]  [FIRE][    ][    ][UP][     ][LEFT]
[1000][9758][0][ 5]  [    ][    ][    ][UP][     ][LEFT]
[1001][9760][0][ 4]  [    ][    ][    ][UP][     ][    ]
[1002][9762][0][36]  [FIRE][    ][    ][UP][     ][    ]
[1003][9766][0][ 6]  [    ][    ][    ][UP][RIGHT][    ]
[1004][9771][0][38]  [FIRE][    ][    ][UP][RIGHT][    ]
[1005][9775][0][36]  [FIRE][    ][    ][UP][     ][    ]
[1006][9776][0][ 4]  [    ][    ][    ][UP][     ][    ]
[1007][9781][0][ 0]  [    ][    ][    ][  ][     ][    ]
[1008][9787][0][ 1]  [    ][    ][    ][  ][     ][LEFT]
[1009][9799][0][16]  [    ][JUMP][    ][  ][     ][    ]
[1010][9803][0][18]  [    ][JUMP][    ][  ][RIGHT][    ]
[1011][9810][0][ 2]  [    ][    ][    ][  ][RIGHT][    ]
[1012][9811][0][ 0]  [    ][    ][    ][  ][     ][    ]
[1013][9813][0][ 1]  [    ][    ][    ][  ][     ][LEFT]
[1014][9817][0][ 3]  [    ][    ][    ][  ][RIGHT][LEFT]
[1015][9818][0][ 2]  [    ][    ][    ][  ][RIGHT][    ]
[1016][9821][0][34]  [FIRE][    ][    ][  ][RIGHT][    ]
[1017][9825][0][51]  [FIRE][JUMP][    ][  ][RIGHT][LEFT]
[1018][9830][0][50]  [FIRE][JUMP][    ][  ][RIGHT][    ]
[1019][9832][0][54]  [FIRE][JUMP][    ][UP][RIGHT][    ]
[1020][9835][0][50]  [FIRE][JUMP][    ][  ][RIGHT][    ]
[1021][9838][0][18]  [    ][JUMP][    ][  ][RIGHT][    ]
[1022][9842][0][ 2]  [    ][    ][    ][  ][RIGHT][    ]
[1023][9874][0][50]  [FIRE][JUMP][    ][  ][RIGHT][    ]
[1024][9876][0][48]  [FIRE][JUMP][    ][  ][     ][    ]
[1025][9883][0][16]  [    ][JUMP][    ][  ][     ][    ]
[1026][9884][0][ 0]  [    ][    ][    ][  ][     ][    ]
[1027][9888][0][ 2]  [    ][    ][    ][  ][RIGHT][    ]
[1028][9900][0][ 0]  [    ][    ][    ][  ][     ][    ]
[1029][9902][0][ 1]  [    ][    ][    ][  ][     ][LEFT]
[1030][9906][0][ 3]  [    ][    ][    ][  ][RIGHT][LEFT]
[1031][9908][0][ 2]  [    ][    ][    ][  ][RIGHT][    ]
[1032][9911][0][18]  [    ][JUMP][    ][  ][RIGHT][    ]
[1033][9921][0][ 2]  [    ][    ][    ][  ][RIGHT][    ]
[1034][9942][0][18]  [    ][JUMP][    ][  ][RIGHT][    ]
[1035][9979][0][ 2]  [    ][    ][    ][  ][RIGHT][    ]
[1036][9989][0][ 0]  [    ][    ][    ][  ][     ][    ]
[1037][9990][0][ 1]  [    ][    ][    ][  ][     ][LEFT]
[1038][9996][0][ 3]  [    ][    ][    ][  ][RIGHT][LEFT]
[1039][10001][0][ 1]  [    ][    ][    ][  ][     ][LEFT]
[1040][10007][0][ 3]  [    ][    ][    ][  ][RIGHT][LEFT]
[1041][10009][0][ 2]  [    ][    ][    ][  ][RIGHT][    ]
[1042][10013][0][ 3]  [    ][    ][    ][  ][RIGHT][LEFT]
[1043][10014][0][ 1]  [    ][    ][    ][  ][     ][LEFT]
[1044][10019][0][ 2]  [    ][    ][    ][  ][RIGHT][    ]
[1045][10023][0][ 1]  [    ][    ][    ][  ][     ][LEFT]
[1046][10027][0][ 0]  [    ][    ][    ][  ][     ][    ]
[1047][10029][0][ 2]  [    ][    ][    ][  ][RIGHT][    ]
[1048][10032][0][ 1]  [    ][    ][    ][  ][     ][LEFT]
[1049][10036][0][ 0]  [    ][    ][    ][  ][     ][    ]
[1050][10037][0][ 2]  [    ][    ][    ][  ][RIGHT][    ]
[1051][10040][0][ 1]  [    ][    ][    ][  ][     ][LEFT]
[1052][10044][0][ 0]  [    ][    ][    ][  ][     ][    ]
[1053][10046][0][ 2]  [    ][    ][    ][  ][RIGHT][    ]
[1054][10049][0][ 1]  [    ][    ][    ][  ][     ][LEFT]
[1055][10053][0][ 0]  [    ][    ][    ][  ][     ][    ]
[1056][10055][0][ 2]  [    ][    ][    ][  ][RIGHT][    ]
[1057][10058][0][ 1]  [    ][    ][    ][  ][     ][LEFT]
[1058][10061][0][ 0]  [    ][    ][    ][  ][     ][    ]
[1059][10063][0][ 2]  [    ][    ][    ][  ][RIGHT][    ]
[1060][10067][0][ 0]  [    ][    ][    ][  ][     ][    ]
[1061][10068][0][ 1]  [    ][    ][    ][  ][     ][LEFT]
[1062][10071][0][ 2]  [    ][    ][    ][  ][RIGHT][    ]
[1063][10076][0][ 3]  [    ][    ][    ][  ][RIGHT][LEFT]
[1064][10077][0][ 1]  [    ][    ][    ][  ][     ][LEFT]
[1065][10080][0][ 0]  [    ][    ][    ][  ][     ][    ]
[1066][10811][0][ 1]  [    ][    ][    ][  ][     ][LEFT]
[1067][10816][0][ 3]  [    ][    ][    ][  ][RIGHT][LEFT]
[1068][10817][0][ 2]  [    ][    ][    ][  ][RIGHT][    ]
[1069][10821][0][ 1]  [    ][    ][    ][  ][     ][LEFT]
[1070][10825][0][ 3]  [    ][    ][    ][  ][RIGHT][LEFT]
[1071][10827][0][ 2]  [    ][    ][    ][  ][RIGHT][    ]
[1072][10830][0][ 0]  [    ][    ][    ][  ][     ][    ]
[1073][10831][0][ 1]  [    ][    ][    ][  ][     ][LEFT]
[1074][10835][0][ 3]  [    ][    ][    ][  ][RIGHT][LEFT]
[1075][10836][0][ 2]  [    ][    ][    ][  ][RIGHT][    ]
[1076][10858][0][ 0]  [    ][    ][    ][  ][     ][    ]
[1077][10860][0][32]  [FIRE][    ][    ][  ][     ][    ]
[1078][10861][0][48]  [FIRE][JUMP][    ][  ][     ][    ]
[1079][10874][0][16]  [    ][JUMP][    ][  ][     ][    ]
[1080][10875][0][ 0]  [    ][    ][    ][  ][     ][    ]
[1081][10880][0][ 2]  [    ][    ][    ][  ][RIGHT][    ]
[1082][10884][0][ 6]  [    ][    ][    ][UP][RIGHT][    ]
[1083][10885][0][ 7]  [    ][    ][    ][UP][RIGHT][LEFT]
[1084][10887][0][ 1]  [    ][    ][    ][  ][     ][LEFT]
[1085][10891][0][ 7]  [    ][    ][    ][UP][RIGHT][LEFT]
[1086][10892][0][ 6]  [    ][    ][    ][UP][RIGHT][    ]
[1087][10897][0][ 5]  [    ][    ][    ][UP][     ][LEFT]
[1088][10898][0][ 1]  [    ][    ][    ][  ][     ][LEFT]
[1089][10903][0][16]  [    ][JUMP][    ][  ][     ][    ]
[1090][10916][0][18]  [    ][JUMP][    ][  ][RIGHT][    ]
[1091][10920][0][22]  [    ][JUMP][    ][UP][RIGHT][    ]
[1092][10922][0][52]  [FIRE][JUMP][    ][UP][     ][    ]
[1093][10923][0][36]  [FIRE][    ][    ][UP][     ][    ]
[1094][10927][0][ 4]  [    ][    ][    ][UP][     ][    ]
[1095][10932][0][37]  [FIRE][    ][    ][UP][     ][LEFT]
[1096][10936][0][ 5]  [    ][    ][    ][UP][     ][LEFT]
[1097][10939][0][ 4]  [    ][    ][    ][UP][     ][    ]
[1098][10940][0][36]  [FIRE][    ][    ][UP][     ][    ]
[1099][10944][0][ 4]  [    ][    ][    ][UP][     ][    ]
[1100][10949][0][38]  [FIRE][    ][    ][UP][RIGHT][    ]
[1101][10953][0][ 6]  [    ][    ][    ][UP][RIGHT][    ]
[1102][10954][0][ 4]  [    ][    ][    ][UP][     ][    ]
[1103][10956][0][36]  [FIRE][    ][    ][UP][     ][    ]
[1104][10961][0][ 4]  [    ][    ][    ][UP][     ][    ]
[1105][10963][0][ 5]  [    ][    ][    ][UP][     ][LEFT]
[1106][10965][0][21]  [    ][JUMP][    ][UP][     ][LEFT]
[1107][10969][0][20]  [    ][JUMP][    ][UP][     ][    ]
[1108][10972][0][52]  [FIRE][JUMP][    ][UP][     ][    ]
[1109][10976][0][36]  [FIRE][    ][    ][UP][     ][    ]
[1110][10980][0][52]  [FIRE][JUMP][    ][UP][     ][    ]
[1111][10981][0][20]  [    ][JUMP][    ][UP][     ][    ]
[1112][10986][0][52]  [FIRE][JUMP][    ][UP][     ][    ]
[1113][10987][0][37]  [FIRE][    ][    ][UP][     ][LEFT]
[1114][10992][0][ 1]  [    ][    ][    ][  ][     ][LEFT]
[1115][11005][0][17]  [    ][JUMP][    ][  ][     ][LEFT]
[1116][11016][0][ 1]  [    ][    ][    ][  ][     ][LEFT]
[1117][11017][0][ 0]  [    ][    ][    ][  ][     ][    ]
[1118][11020][0][ 1]  [    ][    ][    ][  ][     ][LEFT]
[1119][11033][0][ 0]  [    ][    ][    ][  ][     ][    ]
[1120][11040][0][ 2]  [    ][    ][    ][  ][RIGHT][    ]
[1121][11055][0][34]  [FIRE][    ][    ][  ][RIGHT][    ]
[1122][11060][0][32]  [FIRE][    ][    ][  ][     ][    ]
[1123][11084][0][34]  [FIRE][    ][    ][  ][RIGHT][    ]
[1124][11092][0][32]  [FIRE][    ][    ][  ][     ][    ]
[1125][11096][0][33]  [FIRE][    ][    ][  ][     ][LEFT]
[1126][11118][0][49]  [FIRE][JUMP][    ][  ][     ][LEFT]
[1127][11129][0][53]  [FIRE][JUMP][    ][UP][     ][LEFT]
[1128][11138][0][21]  [    ][JUMP][    ][UP][     ][LEFT]
[1129][11140][0][17]  [    ][JUMP][    ][  ][     ][LEFT]
[1130][11147][0][ 0]  [    ][    ][    ][  ][     ][    ]
[1131][11203][0][ 8]  [    ][    ][DOWN][  ][     ][    ]
[1132][11209][0][ 0]  [    ][    ][    ][  ][     ][    ]
[1133][11227][0][ 2]  [    ][    ][    ][  ][RIGHT][    ]
[1134][11236][0][18]  [    ][JUMP][    ][  ][RIGHT][    ]
[1135][11265][0][50]  [FIRE][JUMP][    ][  ][RIGHT][    ]
[1136][11267][0][32]  [FIRE][    ][    ][  ][     ][    ]
[1137][11271][0][33]  [FIRE][    ][    ][  ][     ][LEFT]
[1138][11283][0][32]  [FIRE][    ][    ][  ][     ][    ]
[1139][11287][0][34]  [FIRE][    ][    ][  ][RIGHT][    ]
[1140][11301][0][32]  [FIRE][    ][    ][  ][     ][    ]
[1141][11303][0][33]  [FIRE][    ][    ][  ][     ][LEFT]
[1142][11330][0][32]  [FIRE][    ][    ][  ][     ][    ]
[1143][11347][0][36]  [FIRE][    ][    ][UP][     ][    ]
[1144][11349][0][52]  [FIRE][JUMP][    ][UP][     ][    ]
[1145][11356][0][20]  [    ][JUMP][    ][UP][     ][    ]
[1146][11360][0][ 4]  [    ][    ][    ][UP][     ][    ]
[1147][11362][0][ 0]  [    ][    ][    ][  ][     ][    ]
[1148][11386][0][ 8]  [    ][    ][DOWN][  ][     ][    ]
[1149][11392][0][ 0]  [    ][    ][    ][  ][     ][    ]
[1150][11399][0][ 2]  [    ][    ][    ][  ][RIGHT][    ]
[1151][11407][0][18]  [    ][JUMP][    ][  ][RIGHT][    ]
[1152][11420][0][ 2]  [    ][    ][    ][  ][RIGHT][    ]
[1153][11428][0][32]  [FIRE][    ][    ][  ][     ][    ]
[1154][11441][0][33]  [FIRE][    ][    ][  ][     ][LEFT]
[1155][11457][0][49]  [FIRE][JUMP][    ][  ][     ][LEFT]
[1156][11468][0][33]  [FIRE][    ][    ][  ][     ][LEFT]
[1157][11492][0][49]  [FIRE][JUMP][    ][  ][     ][LEFT]
[1158][11547][0][33]  [FIRE][    ][    ][  ][     ][LEFT]
[1159][11557][0][32]  [FIRE][    ][    ][  ][     ][    ]
[1160][11577][0][33]  [FIRE][    ][    ][  ][     ][LEFT]
[1161][11582][0][32]  [FIRE][    ][    ][  ][     ][    ]
[1162][11599][0][48]  [FIRE][JUMP][    ][  ][     ][    ]
[1163][11601][0][52]  [FIRE][JUMP][    ][UP][     ][    ]
[1164][11610][0][20]  [    ][JUMP][    ][UP][     ][    ]
[1165][11614][0][ 0]  [    ][    ][    ][  ][     ][    ]
[1166][11635][0][ 8]  [    ][    ][DOWN][  ][     ][    ]
[1167][11640][0][ 0]  [    ][    ][    ][  ][     ][    ]
[1168][11651][0][ 2]  [    ][    ][    ][  ][RIGHT][    ]
[1169][11693][0][18]  [    ][JUMP][    ][  ][RIGHT][    ]
[1170][11708][0][ 2]  [    ][    ][    ][  ][RIGHT][    ]
[1171][11733][0][18]  [    ][JUMP][    ][  ][RIGHT][    ]
[1172][11751][0][ 2]  [    ][    ][    ][  ][RIGHT][    ]
[1173][11762][0][34]  [FIRE][    ][    ][  ][RIGHT][    ]
[1174][11777][0][33]  [FIRE][    ][    ][  ][     ][LEFT]
[1175][11904][0][49]  [FIRE][JUMP][    ][  ][     ][LEFT]
[1176][11928][0][33]  [FIRE][    ][    ][  ][     ][LEFT]
[1177][11945][0][32]  [FIRE][    ][    ][  ][     ][    ]
[1178][11972][0][48]  [FIRE][JUMP][    ][  ][     ][    ]
[1179][11976][0][52]  [FIRE][JUMP][    ][UP][     ][    ]
[1180][11983][0][20]  [    ][JUMP][    ][UP][     ][    ]
[1181][11989][0][ 4]  [    ][    ][    ][UP][     ][    ]
[1182][11990][0][ 0]  [    ][    ][    ][  ][     ][    ]
[1183][12014][0][ 8]  [    ][    ][DOWN][  ][     ][    ]
[1184][12018][0][ 0]  [    ][    ][    ][  ][     ][    ]
[1185][12034][0][ 2]  [    ][    ][    ][  ][RIGHT][    ]
[1186][12059][0][18]  [    ][JUMP][    ][  ][RIGHT][    ]
[1187][12074][0][ 2]  [    ][    ][    ][  ][RIGHT][    ]
[1188][12095][0][18]  [    ][JUMP][    ][  ][RIGHT][    ]
[1189][12103][0][ 2]  [    ][    ][    ][  ][RIGHT][    ]
[1190][12123][0][18]  [    ][JUMP][    ][  ][RIGHT][    ]
[1191][12139][0][ 2]  [    ][    ][    ][  ][RIGHT][    ]
[1192][12162][0][18]  [    ][JUMP][    ][  ][RIGHT][    ]
[1193][12170][0][ 2]  [    ][    ][    ][  ][RIGHT][    ]
[1194][12190][0][18]  [    ][JUMP][    ][  ][RIGHT][    ]
[1195][12202][0][ 2]  [    ][    ][    ][  ][RIGHT][    ]
[1196][12226][0][18]  [    ][JUMP][    ][  ][RIGHT][    ]
[1197][12233][0][ 2]  [    ][    ][    ][  ][RIGHT][    ]
[1198][12237][0][ 0]  [    ][    ][    ][  ][     ][    ]
[1199][12245][0][ 2]  [    ][    ][    ][  ][RIGHT][    ]
[1200][12252][0][ 0]  [    ][    ][    ][  ][     ][    ]
[1201][12254][0][ 1]  [    ][    ][    ][  ][     ][LEFT]
[1202][12256][0][ 0]  [    ][    ][    ][  ][     ][    ]
[1203][12258][0][ 2]  [    ][    ][    ][  ][RIGHT][    ]
[1204][12263][0][ 0]  [    ][    ][    ][  ][     ][    ]
[1205][12276][0][ 1]  [    ][    ][    ][  ][     ][LEFT]
[1206][12279][0][ 0]  [    ][    ][    ][  ][     ][    ]
[1207][12293][0][16]  [    ][JUMP][    ][  ][     ][    ]
[1208][12310]-------------LEVEL DONE 1 ---------------- 
[1209][12390]-------------LEVEL DONE 2 ---------------- 
[1210][13110]-------------NEXT LEVEL!------------------ 
[1211][12414]-------------PLAYER 0 ACKNOWLEDGE------ 
[1212][12415]-------------NEXT LEVEL!------------------ 
