number of entries 1135
deathmatch_pbullets 1
deathmatch_pbullets_damage 5
suicide_pbullets 1
[ gm][  pc][p][cm]
[  0][   0]-------------START (level:3)------------- 
[  1][   0]-------------PLAYER 0 ACTIVE (color:8)-- 
[  2][  50][0][ 2]  [    ][    ][    ][  ][RIGHT][    ]
[  3][  56][0][ 0]  [    ][    ][    ][  ][     ][    ]
[  4][  60][0][16]  [    ][JUMP][    ][  ][     ][    ]
[  5][  68][0][32]  [FIRE][    ][    ][  ][     ][    ]
[  6][  73][0][ 2]  [    ][    ][    ][  ][RIGHT][    ]
[  7][  77][0][18]  [    ][JUMP][    ][  ][RIGHT][    ]
[  8][  78][0][50]  [FIRE][JUMP][    ][  ][RIGHT][    ]
[  9][  80][0][ 2]  [    ][    ][    ][  ][RIGHT][    ]
[ 10][  81][0][ 0]  [    ][    ][    ][  ][     ][    ]
[ 11][  84][0][16]  [    ][JUMP][    ][  ][     ][    ]
[ 12][  85][0][48]  [FIRE][JUMP][    ][  ][     ][    ]
[ 13][  86][0][ 0]  [    ][    ][    ][  ][     ][    ]
[ 14][  90][0][48]  [FIRE][JUMP][    ][  ][     ][    ]
[ 15][  92][0][32]  [FIRE][    ][    ][  ][     ][    ]
[ 16][  93][0][ 0]  [    ][    ][    ][  ][     ][    ]
[ 17][  96][0][32]  [FIRE][    ][    ][  ][     ][    ]
[ 18][  97][0][48]  [FIRE][JUMP][    ][  ][     ][    ]
[ 19][  99][0][ 0]  [    ][    ][    ][  ][     ][    ]
[ 20][ 103][0][48]  [FIRE][JUMP][    ][  ][     ][    ]
[ 21][ 105][0][ 0]  [    ][    ][    ][  ][     ][    ]
[ 22][ 110][0][48]  [FIRE][JUMP][    ][  ][     ][    ]
[ 23][ 112][0][ 0]  [    ][    ][    ][  ][     ][    ]
[ 24][ 116][0][32]  [FIRE][    ][    ][  ][     ][    ]
[ 25][ 117][0][48]  [FIRE][JUMP][    ][  ][     ][    ]
[ 26][ 119][0][16]  [    ][JUMP][    ][  ][     ][    ]
[ 27][ 120][0][ 0]  [    ][    ][    ][  ][     ][    ]
[ 28][ 122][0][32]  [FIRE][    ][    ][  ][     ][    ]
[ 29][ 126][0][ 0]  [    ][    ][    ][  ][     ][    ]
[ 30][ 127][0][16]  [    ][JUMP][    ][  ][     ][    ]
[ 31][ 132][0][48]  [FIRE][JUMP][    ][  ][     ][    ]
[ 32][ 133][0][32]  [FIRE][    ][    ][  ][     ][    ]
[ 33][ 136][0][48]  [FIRE][JUMP][    ][  ][     ][    ]
[ 34][ 138][0][16]  [    ][JUMP][    ][  ][     ][    ]
[ 35][ 142][0][32]  [FIRE][    ][    ][  ][     ][    ]
[ 36][ 147][0][16]  [    ][JUMP][    ][  ][     ][    ]
[ 37][ 152][0][48]  [FIRE][JUMP][    ][  ][     ][    ]
[ 38][ 153][0][32]  [FIRE][    ][    ][  ][     ][    ]
[ 39][ 156][0][ 0]  [    ][    ][    ][  ][     ][    ]
[ 40][ 173][0][16]  [    ][JUMP][    ][  ][     ][    ]
[ 41][ 178][0][48]  [FIRE][JUMP][    ][  ][     ][    ]
[ 42][ 180][0][32]  [FIRE][    ][    ][  ][     ][    ]
[ 43][ 183][0][ 0]  [    ][    ][    ][  ][     ][    ]
[ 44][ 184][0][16]  [    ][JUMP][    ][  ][     ][    ]
[ 45][ 188][0][48]  [FIRE][JUMP][    ][  ][     ][    ]
[ 46][ 189][0][32]  [FIRE][    ][    ][  ][     ][    ]
[ 47][ 192][0][ 0]  [    ][    ][    ][  ][     ][    ]
[ 48][ 193][0][16]  [    ][JUMP][    ][  ][     ][    ]
[ 49][ 198][0][48]  [FIRE][JUMP][    ][  ][     ][    ]
[ 50][ 199][0][32]  [FIRE][    ][    ][  ][     ][    ]
[ 51][ 202][0][ 0]  [    ][    ][    ][  ][     ][    ]
[ 52][ 206][0][ 2]  [    ][    ][    ][  ][RIGHT][    ]
[ 53][ 212][0][ 0]  [    ][    ][    ][  ][     ][    ]
[ 54][ 220][0][ 1]  [    ][    ][    ][  ][     ][LEFT]
[ 55][ 229][0][ 0]  [    ][    ][    ][  ][     ][    ]
[ 56][ 240][0][ 2]  [    ][    ][    ][  ][RIGHT][    ]
[ 57][ 244][0][ 0]  [    ][    ][    ][  ][     ][    ]
[ 58][ 249][0][16]  [    ][JUMP][    ][  ][     ][    ]
[ 59][ 261][0][ 0]  [    ][    ][    ][  ][     ][    ]
[ 60][ 273][0][16]  [    ][JUMP][    ][  ][     ][    ]
[ 61][ 292][0][ 0]  [    ][    ][    ][  ][     ][    ]
[ 62][ 330][0][ 1]  [    ][    ][    ][  ][     ][LEFT]
[ 63][ 336][0][ 0]  [    ][    ][    ][  ][     ][    ]
[ 64][ 342][0][ 2]  [    ][    ][    ][  ][RIGHT][    ]
[ 65][ 346][0][ 0]  [    ][    ][    ][  ][     ][    ]
[ 66][ 350][0][ 1]  [    ][    ][    ][  ][     ][LEFT]
[ 67][ 352][0][ 5]  [    ][    ][    ][UP][     ][LEFT]
[ 68][ 353][0][ 6]  [    ][    ][    ][UP][RIGHT][    ]
[ 69][ 355][0][20]  [    ][JUMP][    ][UP][     ][    ]
[ 70][ 356][0][52]  [FIRE][JUMP][    ][UP][     ][    ]
[ 71][ 359][0][36]  [FIRE][    ][    ][UP][     ][    ]
[ 72][ 361][0][ 4]  [    ][    ][    ][UP][     ][    ]
[ 73][ 366][0][36]  [FIRE][    ][    ][UP][     ][    ]
[ 74][ 371][0][ 0]  [    ][    ][    ][  ][     ][    ]
[ 75][ 377][0][ 1]  [    ][    ][    ][  ][     ][LEFT]
[ 76][ 392][0][ 0]  [    ][    ][    ][  ][     ][    ]
[ 77][ 393][0][ 2]  [    ][    ][    ][  ][RIGHT][    ]
[ 78][ 402][0][ 0]  [    ][    ][    ][  ][     ][    ]
[ 79][ 415][0][ 1]  [    ][    ][    ][  ][     ][LEFT]
[ 80][ 423][0][17]  [    ][JUMP][    ][  ][     ][LEFT]
[ 81][ 425][0][16]  [    ][JUMP][    ][  ][     ][    ]
[ 82][ 434][0][18]  [    ][JUMP][    ][  ][RIGHT][    ]
[ 83][ 437][0][ 2]  [    ][    ][    ][  ][RIGHT][    ]
[ 84][ 439][0][ 0]  [    ][    ][    ][  ][     ][    ]
[ 85][ 443][0][ 2]  [    ][    ][    ][  ][RIGHT][    ]
[ 86][ 447][0][ 0]  [    ][    ][    ][  ][     ][    ]
[ 87][ 454][0][16]  [    ][JUMP][    ][  ][     ][    ]
[ 88][ 486][0][48]  [FIRE][JUMP][    ][  ][     ][    ]
[ 89][ 487][0][32]  [FIRE][    ][    ][  ][     ][    ]
[ 90][ 553][0][36]  [FIRE][    ][    ][UP][     ][    ]
[ 91][ 559][0][52]  [FIRE][JUMP][    ][UP][     ][    ]
[ 92][ 574][0][ 0]  [    ][    ][    ][  ][     ][    ]
[ 93][ 625][0][16]  [    ][JUMP][    ][  ][     ][    ]
[ 94][ 644][0][48]  [FIRE][JUMP][    ][  ][     ][    ]
[ 95][ 647][0][32]  [FIRE][    ][    ][  ][     ][    ]
[ 96][ 669][0][36]  [FIRE][    ][    ][UP][     ][    ]
[ 97][ 720][0][52]  [FIRE][JUMP][    ][UP][     ][    ]
[ 98][ 728][0][20]  [    ][JUMP][    ][UP][     ][    ]
[ 99][ 731][0][ 4]  [    ][    ][    ][UP][     ][    ]
[100][ 733][0][ 0]  [    ][    ][    ][  ][     ][    ]
[101][ 792][0][16]  [    ][JUMP][    ][  ][     ][    ]
[102][ 812][0][48]  [FIRE][JUMP][    ][  ][     ][    ]
[103][ 814][0][32]  [FIRE][    ][    ][  ][     ][    ]
[104][ 881][0][48]  [FIRE][JUMP][    ][  ][     ][    ]
[105][ 882][0][52]  [FIRE][JUMP][    ][UP][     ][    ]
[106][ 897][0][20]  [    ][JUMP][    ][UP][     ][    ]
[107][ 899][0][ 4]  [    ][    ][    ][UP][     ][    ]
[108][ 900][0][ 0]  [    ][    ][    ][  ][     ][    ]
[109][ 962][0][16]  [    ][JUMP][    ][  ][     ][    ]
[110][ 981][0][48]  [FIRE][JUMP][    ][  ][     ][    ]
[111][ 984][0][32]  [FIRE][    ][    ][  ][     ][    ]
[112][1069][0][48]  [FIRE][JUMP][    ][  ][     ][    ]
[113][1082][0][52]  [FIRE][JUMP][    ][UP][     ][    ]
[114][1096][0][20]  [    ][JUMP][    ][UP][     ][    ]
[115][1101][0][ 0]  [    ][    ][    ][  ][     ][    ]
[116][1156][0][16]  [    ][JUMP][    ][  ][     ][    ]
[117][1181][0][ 0]  [    ][    ][    ][  ][     ][    ]
[118][1200][0][ 2]  [    ][    ][    ][  ][RIGHT][    ]
[119][1206][0][18]  [    ][JUMP][    ][  ][RIGHT][    ]
[120][1208][0][17]  [    ][JUMP][    ][  ][     ][LEFT]
[121][1214][0][16]  [    ][JUMP][    ][  ][     ][    ]
[122][1215][0][18]  [    ][JUMP][    ][  ][RIGHT][    ]
[123][1218][0][50]  [FIRE][JUMP][    ][  ][RIGHT][    ]
[124][1220][0][34]  [FIRE][    ][    ][  ][RIGHT][    ]
[125][1223][0][ 2]  [    ][    ][    ][  ][RIGHT][    ]
[126][1227][0][34]  [FIRE][    ][    ][  ][RIGHT][    ]
[127][1231][0][ 2]  [    ][    ][    ][  ][RIGHT][    ]
[128][1232][0][ 1]  [    ][    ][    ][  ][     ][LEFT]
[129][1236][0][34]  [FIRE][    ][    ][  ][RIGHT][    ]
[130][1239][0][ 2]  [    ][    ][    ][  ][RIGHT][    ]
[131][1243][0][ 0]  [    ][    ][    ][  ][     ][    ]
[132][1244][0][32]  [FIRE][    ][    ][  ][     ][    ]
[133][1258][0][48]  [FIRE][JUMP][    ][  ][     ][    ]
[134][1272][0][32]  [FIRE][    ][    ][  ][     ][    ]
[135][1273][0][34]  [FIRE][    ][    ][  ][RIGHT][    ]
[136][1290][0][32]  [FIRE][    ][    ][  ][     ][    ]
[137][1294][0][33]  [FIRE][    ][    ][  ][     ][LEFT]
[138][1302][0][53]  [FIRE][JUMP][    ][UP][     ][LEFT]
[139][1303][0][52]  [FIRE][JUMP][    ][UP][     ][    ]
[140][1313][0][20]  [    ][JUMP][    ][UP][     ][    ]
[141][1314][0][ 4]  [    ][    ][    ][UP][     ][    ]
[142][1315][0][ 0]  [    ][    ][    ][  ][     ][    ]
[143][1345][0][ 1]  [    ][    ][    ][  ][     ][LEFT]
[144][1349][0][ 0]  [    ][    ][    ][  ][     ][    ]
[145][1359][0][32]  [FIRE][    ][    ][  ][     ][    ]
[146][1360][0][48]  [FIRE][JUMP][    ][  ][     ][    ]
[147][1364][0][52]  [FIRE][JUMP][    ][UP][     ][    ]
[148][1375][0][20]  [    ][JUMP][    ][UP][     ][    ]
[149][1376][0][ 0]  [    ][    ][    ][  ][     ][    ]
[150][1392][0][ 1]  [    ][    ][    ][  ][     ][LEFT]
[151][1405][0][ 0]  [    ][    ][    ][  ][     ][    ]
[152][1406][0][32]  [FIRE][    ][    ][  ][     ][    ]
[153][1408][0][34]  [FIRE][    ][    ][  ][RIGHT][    ]
[154][1413][0][32]  [FIRE][    ][    ][  ][     ][    ]
[155][1429][0][33]  [FIRE][    ][    ][  ][     ][LEFT]
[156][1436][0][32]  [FIRE][    ][    ][  ][     ][    ]
[157][1441][0][34]  [FIRE][    ][    ][  ][RIGHT][    ]
[158][1478][0][50]  [FIRE][JUMP][    ][  ][RIGHT][    ]
[159][1499][0][34]  [FIRE][    ][    ][  ][RIGHT][    ]
[160][1502][0][33]  [FIRE][    ][    ][  ][     ][LEFT]
[161][1506][0][32]  [FIRE][    ][    ][  ][     ][    ]
[162][1529][0][52]  [FIRE][JUMP][    ][UP][     ][    ]
[163][1535][0][16]  [    ][JUMP][    ][  ][     ][    ]
[164][1536][0][ 0]  [    ][    ][    ][  ][     ][    ]
[165][1563][0][ 2]  [    ][    ][    ][  ][RIGHT][    ]
[166][1567][0][ 0]  [    ][    ][    ][  ][     ][    ]
[167][1568][0][16]  [    ][JUMP][    ][  ][     ][    ]
[168][1590][0][ 0]  [    ][    ][    ][  ][     ][    ]
[169][1601][0][ 1]  [    ][    ][    ][  ][     ][LEFT]
[170][1606][0][ 0]  [    ][    ][    ][  ][     ][    ]
[171][1638][0][ 2]  [    ][    ][    ][  ][RIGHT][    ]
[172][1644][0][ 0]  [    ][    ][    ][  ][     ][    ]
[173][1654][0][32]  [FIRE][    ][    ][  ][     ][    ]
[174][1665][0][34]  [FIRE][    ][    ][  ][RIGHT][    ]
[175][1673][0][50]  [FIRE][JUMP][    ][  ][RIGHT][    ]
[176][1677][0][54]  [FIRE][JUMP][    ][UP][RIGHT][    ]
[177][1685][0][22]  [    ][JUMP][    ][UP][RIGHT][    ]
[178][1687][0][ 6]  [    ][    ][    ][UP][RIGHT][    ]
[179][1688][0][ 2]  [    ][    ][    ][  ][RIGHT][    ]
[180][1689][0][ 0]  [    ][    ][    ][  ][     ][    ]
[181][1699][0][ 1]  [    ][    ][    ][  ][     ][LEFT]
[182][1718][0][ 0]  [    ][    ][    ][  ][     ][    ]
[183][1730][0][ 1]  [    ][    ][    ][  ][     ][LEFT]
[184][1743][0][32]  [FIRE][    ][    ][  ][     ][    ]
[185][1754][0][34]  [FIRE][    ][    ][  ][RIGHT][    ]
[186][1765][0][32]  [FIRE][    ][    ][  ][     ][    ]
[187][1770][0][33]  [FIRE][    ][    ][  ][     ][LEFT]
[188][1777][0][48]  [FIRE][JUMP][    ][  ][     ][    ]
[189][1794][0][32]  [FIRE][    ][    ][  ][     ][    ]
[190][1821][0][33]  [FIRE][    ][    ][  ][     ][LEFT]
[191][1825][0][32]  [FIRE][    ][    ][  ][     ][    ]
[192][1831][0][34]  [FIRE][    ][    ][  ][RIGHT][    ]
[193][1842][0][32]  [FIRE][    ][    ][  ][     ][    ]
[194][1844][0][33]  [FIRE][    ][    ][  ][     ][LEFT]
[195][1853][0][49]  [FIRE][JUMP][    ][  ][     ][LEFT]
[196][1854][0][48]  [FIRE][JUMP][    ][  ][     ][    ]
[197][1866][0][32]  [FIRE][    ][    ][  ][     ][    ]
[198][1876][0][34]  [FIRE][    ][    ][  ][RIGHT][    ]
[199][1915][0][50]  [FIRE][JUMP][    ][  ][RIGHT][    ]
[200][1933][0][34]  [FIRE][    ][    ][  ][RIGHT][    ]
[201][1942][0][33]  [FIRE][    ][    ][  ][     ][LEFT]
[202][1946][0][32]  [FIRE][    ][    ][  ][     ][    ]
[203][1955][0][48]  [FIRE][JUMP][    ][  ][     ][    ]
[204][1960][0][52]  [FIRE][JUMP][    ][UP][     ][    ]
[205][1967][0][ 0]  [    ][    ][    ][  ][     ][    ]
[206][1975][0][ 1]  [    ][    ][    ][  ][     ][LEFT]
[207][2009][0][ 0]  [    ][    ][    ][  ][     ][    ]
[208][2011][0][ 2]  [    ][    ][    ][  ][RIGHT][    ]
[209][2014][0][ 0]  [    ][    ][    ][  ][     ][    ]
[210][2017][0][32]  [FIRE][    ][    ][  ][     ][    ]
[211][2019][0][34]  [FIRE][    ][    ][  ][RIGHT][    ]
[212][2023][0][50]  [FIRE][JUMP][    ][  ][RIGHT][    ]
[213][2027][0][16]  [    ][JUMP][    ][  ][     ][    ]
[214][2031][0][32]  [FIRE][    ][    ][  ][     ][    ]
[215][2033][0][ 0]  [    ][    ][    ][  ][     ][    ]
[216][2038][0][32]  [FIRE][    ][    ][  ][     ][    ]
[217][2041][0][33]  [FIRE][    ][    ][  ][     ][LEFT]
[218][2042][0][ 1]  [    ][    ][    ][  ][     ][LEFT]
[219][2059][0][17]  [    ][JUMP][    ][  ][     ][LEFT]
[220][2072][0][ 1]  [    ][    ][    ][  ][     ][LEFT]
[221][2082][0][ 0]  [    ][    ][    ][  ][     ][    ]
[222][2083][0][32]  [FIRE][    ][    ][  ][     ][    ]
[223][2085][0][34]  [FIRE][    ][    ][  ][RIGHT][    ]
[224][2093][0][32]  [FIRE][    ][    ][  ][     ][    ]
[225][2097][0][34]  [FIRE][    ][    ][  ][RIGHT][    ]
[226][2131][0][50]  [FIRE][JUMP][    ][  ][RIGHT][    ]
[227][2134][0][54]  [FIRE][JUMP][    ][UP][RIGHT][    ]
[228][2147][0][20]  [    ][JUMP][    ][UP][     ][    ]
[229][2149][0][ 4]  [    ][    ][    ][UP][     ][    ]
[230][2150][0][ 5]  [    ][    ][    ][UP][     ][LEFT]
[231][2151][0][ 1]  [    ][    ][    ][  ][     ][LEFT]
[232][2152][0][ 0]  [    ][    ][    ][  ][     ][    ]
[233][2177][0][16]  [    ][JUMP][    ][  ][     ][    ]
[234][2186][0][18]  [    ][JUMP][    ][  ][RIGHT][    ]
[235][2194][0][34]  [FIRE][    ][    ][  ][RIGHT][    ]
[236][2199][0][ 2]  [    ][    ][    ][  ][RIGHT][    ]
[237][2200][0][ 0]  [    ][    ][    ][  ][     ][    ]
[238][2201][0][ 1]  [    ][    ][    ][  ][     ][LEFT]
[239][2203][0][33]  [FIRE][    ][    ][  ][     ][LEFT]
[240][2207][0][ 1]  [    ][    ][    ][  ][     ][LEFT]
[241][2208][0][ 2]  [    ][    ][    ][  ][RIGHT][    ]
[242][2211][0][34]  [FIRE][    ][    ][  ][RIGHT][    ]
[243][2213][0][35]  [FIRE][    ][    ][  ][RIGHT][LEFT]
[244][2215][0][ 1]  [    ][    ][    ][  ][     ][LEFT]
[245][2216][0][ 0]  [    ][    ][    ][  ][     ][    ]
[246][2217][0][ 2]  [    ][    ][    ][  ][RIGHT][    ]
[247][2219][0][34]  [FIRE][    ][    ][  ][RIGHT][    ]
[248][2222][0][ 2]  [    ][    ][    ][  ][RIGHT][    ]
[249][2223][0][ 0]  [    ][    ][    ][  ][     ][    ]
[250][2226][0][32]  [FIRE][    ][    ][  ][     ][    ]
[251][2228][0][34]  [FIRE][    ][    ][  ][RIGHT][    ]
[252][2231][0][ 2]  [    ][    ][    ][  ][RIGHT][    ]
[253][2232][0][ 0]  [    ][    ][    ][  ][     ][    ]
[254][2233][0][ 1]  [    ][    ][    ][  ][     ][LEFT]
[255][2238][0][ 3]  [    ][    ][    ][  ][RIGHT][LEFT]
[256][2239][0][ 2]  [    ][    ][    ][  ][RIGHT][    ]
[257][2242][0][ 0]  [    ][    ][    ][  ][     ][    ]
[258][2274][0][ 2]  [    ][    ][    ][  ][RIGHT][    ]
[259][2281][0][ 0]  [    ][    ][    ][  ][     ][    ]
[260][2292][0][ 1]  [    ][    ][    ][  ][     ][LEFT]
[261][2296][0][ 0]  [    ][    ][    ][  ][     ][    ]
[262][2303][0][16]  [    ][JUMP][    ][  ][     ][    ]
[263][2330][0][17]  [    ][JUMP][    ][  ][     ][LEFT]
[264][2331][0][ 1]  [    ][    ][    ][  ][     ][LEFT]
[265][2333][0][33]  [FIRE][    ][    ][  ][     ][LEFT]
[266][2334][0][32]  [FIRE][    ][    ][  ][     ][    ]
[267][2336][0][ 0]  [    ][    ][    ][  ][     ][    ]
[268][2337][0][ 1]  [    ][    ][    ][  ][     ][LEFT]
[269][2340][0][ 5]  [    ][    ][    ][UP][     ][LEFT]
[270][2341][0][ 4]  [    ][    ][    ][UP][     ][    ]
[271][2342][0][36]  [FIRE][    ][    ][UP][     ][    ]
[272][2344][0][ 4]  [    ][    ][    ][UP][     ][    ]
[273][2346][0][ 5]  [    ][    ][    ][UP][     ][LEFT]
[274][2349][0][33]  [FIRE][    ][    ][  ][     ][LEFT]
[275][2351][0][ 1]  [    ][    ][    ][  ][     ][LEFT]
[276][2357][0][17]  [    ][JUMP][    ][  ][     ][LEFT]
[277][2366][0][ 1]  [    ][    ][    ][  ][     ][LEFT]
[278][2371][0][ 3]  [    ][    ][    ][  ][RIGHT][LEFT]
[279][2372][0][ 2]  [    ][    ][    ][  ][RIGHT][    ]
[280][2393][0][34]  [FIRE][    ][    ][  ][RIGHT][    ]
[281][2410][0][33]  [FIRE][    ][    ][  ][     ][LEFT]
[282][2416][0][32]  [FIRE][    ][    ][  ][     ][    ]
[283][2424][0][48]  [FIRE][JUMP][    ][  ][     ][    ]
[284][2431][0][52]  [FIRE][JUMP][    ][UP][     ][    ]
[285][2437][0][53]  [FIRE][JUMP][    ][UP][     ][LEFT]
[286][2439][0][21]  [    ][JUMP][    ][UP][     ][LEFT]
[287][2443][0][ 5]  [    ][    ][    ][UP][     ][LEFT]
[288][2445][0][ 0]  [    ][    ][    ][  ][     ][    ]
[289][2490][0][ 8]  [    ][    ][DOWN][  ][     ][    ]
[290][2495][0][ 0]  [    ][    ][    ][  ][     ][    ]
[291][2606][0][ 1]  [    ][    ][    ][  ][     ][LEFT]
[292][2623][0][ 3]  [    ][    ][    ][  ][RIGHT][LEFT]
[293][2624][0][ 2]  [    ][    ][    ][  ][RIGHT][    ]
[294][2630][0][18]  [    ][JUMP][    ][  ][RIGHT][    ]
[295][2644][0][ 2]  [    ][    ][    ][  ][RIGHT][    ]
[296][2648][0][ 0]  [    ][    ][    ][  ][     ][    ]
[297][2649][0][ 1]  [    ][    ][    ][  ][     ][LEFT]
[298][2655][0][ 0]  [    ][    ][    ][  ][     ][    ]
[299][2657][0][32]  [FIRE][    ][    ][  ][     ][    ]
[300][2660][0][33]  [FIRE][    ][    ][  ][     ][LEFT]
[301][2664][0][32]  [FIRE][    ][    ][  ][     ][    ]
[302][2679][0][48]  [FIRE][JUMP][    ][  ][     ][    ]
[303][2684][0][52]  [FIRE][JUMP][    ][UP][     ][    ]
[304][2695][0][20]  [    ][JUMP][    ][UP][     ][    ]
[305][2701][0][ 4]  [    ][    ][    ][UP][     ][    ]
[306][2702][0][ 0]  [    ][    ][    ][  ][     ][    ]
[307][2719][0][ 8]  [    ][    ][DOWN][  ][     ][    ]
[308][2724][0][ 0]  [    ][    ][    ][  ][     ][    ]
[309][2751][0][16]  [    ][JUMP][    ][  ][     ][    ]
[310][2761][0][ 0]  [    ][    ][    ][  ][     ][    ]
[311][2766][0][32]  [FIRE][    ][    ][  ][     ][    ]
[312][2769][0][33]  [FIRE][    ][    ][  ][     ][LEFT]
[313][2775][0][32]  [FIRE][    ][    ][  ][     ][    ]
[314][2781][0][34]  [FIRE][    ][    ][  ][RIGHT][    ]
[315][2787][0][32]  [FIRE][    ][    ][  ][     ][    ]
[316][2794][0][33]  [FIRE][    ][    ][  ][     ][LEFT]
[317][2807][0][32]  [FIRE][    ][    ][  ][     ][    ]
[318][2809][0][48]  [FIRE][JUMP][    ][  ][     ][    ]
[319][2815][0][50]  [FIRE][JUMP][    ][  ][RIGHT][    ]
[320][2818][0][54]  [FIRE][JUMP][    ][UP][RIGHT][    ]
[321][2824][0][22]  [    ][JUMP][    ][UP][RIGHT][    ]
[322][2828][0][16]  [    ][JUMP][    ][  ][     ][    ]
[323][2830][0][ 0]  [    ][    ][    ][  ][     ][    ]
[324][2842][0][ 8]  [    ][    ][DOWN][  ][     ][    ]
[325][2848][0][ 0]  [    ][    ][    ][  ][     ][    ]
[326][2870][0][16]  [    ][JUMP][    ][  ][     ][    ]
[327][2883][0][48]  [FIRE][JUMP][    ][  ][     ][    ]
[328][2887][0][32]  [FIRE][    ][    ][  ][     ][    ]
[329][2902][0][33]  [FIRE][    ][    ][  ][     ][LEFT]
[330][2907][0][32]  [FIRE][    ][    ][  ][     ][    ]
[331][2909][0][48]  [FIRE][JUMP][    ][  ][     ][    ]
[332][2920][0][34]  [FIRE][    ][    ][  ][RIGHT][    ]
[333][2926][0][32]  [FIRE][    ][    ][  ][     ][    ]
[334][2931][0][34]  [FIRE][    ][    ][  ][RIGHT][    ]
[335][2940][0][50]  [FIRE][JUMP][    ][  ][RIGHT][    ]
[336][2942][0][48]  [FIRE][JUMP][    ][  ][     ][    ]
[337][2952][0][52]  [FIRE][JUMP][    ][UP][     ][    ]
[338][2958][0][22]  [    ][JUMP][    ][UP][RIGHT][    ]
[339][2963][0][ 6]  [    ][    ][    ][UP][RIGHT][    ]
[340][2967][0][ 2]  [    ][    ][    ][  ][RIGHT][    ]
[341][2968][0][ 0]  [    ][    ][    ][  ][     ][    ]
[342][2979][0][ 8]  [    ][    ][DOWN][  ][     ][    ]
[343][2985][0][ 0]  [    ][    ][    ][  ][     ][    ]
[344][2989][0][16]  [    ][JUMP][    ][  ][     ][    ]
[345][2999][0][17]  [    ][JUMP][    ][  ][     ][LEFT]
[346][3006][0][ 1]  [    ][    ][    ][  ][     ][LEFT]
[347][3011][0][ 3]  [    ][    ][    ][  ][RIGHT][LEFT]
[348][3013][0][ 1]  [    ][    ][    ][  ][     ][LEFT]
[349][3022][0][ 0]  [    ][    ][    ][  ][     ][    ]
[350][3023][0][32]  [FIRE][    ][    ][  ][     ][    ]
[351][3038][0][33]  [FIRE][    ][    ][  ][     ][LEFT]
[352][3045][0][32]  [FIRE][    ][    ][  ][     ][    ]
[353][3048][0][33]  [FIRE][    ][    ][  ][     ][LEFT]
[354][3051][0][32]  [FIRE][    ][    ][  ][     ][    ]
[355][3058][0][34]  [FIRE][    ][    ][  ][RIGHT][    ]
[356][3062][0][48]  [FIRE][JUMP][    ][  ][     ][    ]
[357][3069][0][50]  [FIRE][JUMP][    ][  ][RIGHT][    ]
[358][3072][0][54]  [FIRE][JUMP][    ][UP][RIGHT][    ]
[359][3079][0][22]  [    ][JUMP][    ][UP][RIGHT][    ]
[360][3080][0][ 6]  [    ][    ][    ][UP][RIGHT][    ]
[361][3082][0][ 2]  [    ][    ][    ][  ][RIGHT][    ]
[362][3083][0][ 0]  [    ][    ][    ][  ][     ][    ]
[363][3106][0][ 8]  [    ][    ][DOWN][  ][     ][    ]
[364][3111][0][ 0]  [    ][    ][    ][  ][     ][    ]
[365][3122][0][16]  [    ][JUMP][    ][  ][     ][    ]
[366][3135][0][18]  [    ][JUMP][    ][  ][RIGHT][    ]
[367][3143][0][50]  [FIRE][JUMP][    ][  ][RIGHT][    ]
[368][3144][0][34]  [FIRE][    ][    ][  ][RIGHT][    ]
[369][3145][0][35]  [FIRE][    ][    ][  ][RIGHT][LEFT]
[370][3148][0][ 2]  [    ][    ][    ][  ][RIGHT][    ]
[371][3150][0][ 6]  [    ][    ][    ][UP][RIGHT][    ]
[372][3152][0][38]  [FIRE][    ][    ][UP][RIGHT][    ]
[373][3153][0][36]  [FIRE][    ][    ][UP][     ][    ]
[374][3154][0][ 0]  [    ][    ][    ][  ][     ][    ]
[375][3155][0][ 1]  [    ][    ][    ][  ][     ][LEFT]
[376][3157][0][ 5]  [    ][    ][    ][UP][     ][LEFT]
[377][3159][0][36]  [FIRE][    ][    ][UP][     ][    ]
[378][3160][0][ 4]  [    ][    ][    ][UP][     ][    ]
[379][3165][0][36]  [FIRE][    ][    ][UP][     ][    ]
[380][3167][0][ 4]  [    ][    ][    ][UP][     ][    ]
[381][3170][0][36]  [FIRE][    ][    ][UP][     ][    ]
[382][3173][0][ 4]  [    ][    ][    ][UP][     ][    ]
[383][3176][0][36]  [FIRE][    ][    ][UP][     ][    ]
[384][3177][0][38]  [FIRE][    ][    ][UP][RIGHT][    ]
[385][3179][0][ 6]  [    ][    ][    ][UP][RIGHT][    ]
[386][3182][0][38]  [FIRE][    ][    ][UP][RIGHT][    ]
[387][3184][0][ 6]  [    ][    ][    ][UP][RIGHT][    ]
[388][3185][0][ 4]  [    ][    ][    ][UP][     ][    ]
[389][3188][0][36]  [FIRE][    ][    ][UP][     ][    ]
[390][3190][0][ 4]  [    ][    ][    ][UP][     ][    ]
[391][3192][0][ 5]  [    ][    ][    ][UP][     ][LEFT]
[392][3194][0][37]  [FIRE][    ][    ][UP][     ][LEFT]
[393][3197][0][ 5]  [    ][    ][    ][UP][     ][LEFT]
[394][3200][0][ 4]  [    ][    ][    ][UP][     ][    ]
[395][3205][0][ 6]  [    ][    ][    ][UP][RIGHT][    ]
[396][3207][0][38]  [FIRE][    ][    ][UP][RIGHT][    ]
[397][3209][0][ 6]  [    ][    ][    ][UP][RIGHT][    ]
[398][3212][0][38]  [FIRE][    ][    ][UP][RIGHT][    ]
[399][3214][0][ 6]  [    ][    ][    ][UP][RIGHT][    ]
[400][3219][0][38]  [FIRE][    ][    ][UP][RIGHT][    ]
[401][3221][0][ 6]  [    ][    ][    ][UP][RIGHT][    ]
[402][3224][0][ 2]  [    ][    ][    ][  ][RIGHT][    ]
[403][3225][0][16]  [    ][JUMP][    ][  ][     ][    ]
[404][3234][0][17]  [    ][JUMP][    ][  ][     ][LEFT]
[405][3235][0][ 1]  [    ][    ][    ][  ][     ][LEFT]
[406][3252][0][ 0]  [    ][    ][    ][  ][     ][    ]
[407][3253][0][18]  [    ][JUMP][    ][  ][RIGHT][    ]
[408][3270][0][ 2]  [    ][    ][    ][  ][RIGHT][    ]
[409][3288][0][18]  [    ][JUMP][    ][  ][RIGHT][    ]
[410][3289][0][16]  [    ][JUMP][    ][  ][     ][    ]
[411][3308][0][ 0]  [    ][    ][    ][  ][     ][    ]
[412][3342][0][ 1]  [    ][    ][    ][  ][     ][LEFT]
[413][3364][0][17]  [    ][JUMP][    ][  ][     ][LEFT]
[414][3374][0][32]  [FIRE][    ][    ][  ][     ][    ]
[415][3376][0][ 0]  [    ][    ][    ][  ][     ][    ]
[416][3379][0][ 1]  [    ][    ][    ][  ][     ][LEFT]
[417][3381][0][33]  [FIRE][    ][    ][  ][     ][LEFT]
[418][3383][0][ 0]  [    ][    ][    ][  ][     ][    ]
[419][3386][0][32]  [FIRE][    ][    ][  ][     ][    ]
[420][3388][0][33]  [FIRE][    ][    ][  ][     ][LEFT]
[421][3389][0][ 1]  [    ][    ][    ][  ][     ][LEFT]
[422][3392][0][33]  [FIRE][    ][    ][  ][     ][LEFT]
[423][3395][0][ 0]  [    ][    ][    ][  ][     ][    ]
[424][3398][0][32]  [FIRE][    ][    ][  ][     ][    ]
[425][3400][0][ 1]  [    ][    ][    ][  ][     ][LEFT]
[426][3404][0][33]  [FIRE][    ][    ][  ][     ][LEFT]
[427][3406][0][ 1]  [    ][    ][    ][  ][     ][LEFT]
[428][3409][0][33]  [FIRE][    ][    ][  ][     ][LEFT]
[429][3412][0][ 1]  [    ][    ][    ][  ][     ][LEFT]
[430][3415][0][33]  [FIRE][    ][    ][  ][     ][LEFT]
[431][3417][0][ 1]  [    ][    ][    ][  ][     ][LEFT]
[432][3421][0][33]  [FIRE][    ][    ][  ][     ][LEFT]
[433][3423][0][ 1]  [    ][    ][    ][  ][     ][LEFT]
[434][3427][0][33]  [FIRE][    ][    ][  ][     ][LEFT]
[435][3429][0][ 1]  [    ][    ][    ][  ][     ][LEFT]
[436][3433][0][33]  [FIRE][    ][    ][  ][     ][LEFT]
[437][3437][0][ 1]  [    ][    ][    ][  ][     ][LEFT]
[438][3439][0][17]  [    ][JUMP][    ][  ][     ][LEFT]
[439][3441][0][18]  [    ][JUMP][    ][  ][RIGHT][    ]
[440][3462][0][50]  [FIRE][JUMP][    ][  ][RIGHT][    ]
[441][3472][0][34]  [FIRE][    ][    ][  ][RIGHT][    ]
[442][3475][0][32]  [FIRE][    ][    ][  ][     ][    ]
[443][3491][0][33]  [FIRE][    ][    ][  ][     ][LEFT]
[444][3496][0][32]  [FIRE][    ][    ][  ][     ][    ]
[445][3500][0][33]  [FIRE][    ][    ][  ][     ][LEFT]
[446][3504][0][32]  [FIRE][    ][    ][  ][     ][    ]
[447][3527][0][48]  [FIRE][JUMP][    ][  ][     ][    ]
[448][3528][0][49]  [FIRE][JUMP][    ][  ][     ][LEFT]
[449][3534][0][48]  [FIRE][JUMP][    ][  ][     ][    ]
[450][3535][0][32]  [FIRE][    ][    ][  ][     ][    ]
[451][3541][0][33]  [FIRE][    ][    ][  ][     ][LEFT]
[452][3562][0][32]  [FIRE][    ][    ][  ][     ][    ]
[453][3568][0][48]  [FIRE][JUMP][    ][  ][     ][    ]
[454][3572][0][52]  [FIRE][JUMP][    ][UP][     ][    ]
[455][3582][0][20]  [    ][JUMP][    ][UP][     ][    ]
[456][3584][0][21]  [    ][JUMP][    ][UP][     ][LEFT]
[457][3585][0][ 5]  [    ][    ][    ][UP][     ][LEFT]
[458][3586][0][ 1]  [    ][    ][    ][  ][     ][LEFT]
[459][3588][0][ 0]  [    ][    ][    ][  ][     ][    ]
[460][3602][0][ 2]  [    ][    ][    ][  ][RIGHT][    ]
[461][3606][0][ 0]  [    ][    ][    ][  ][     ][    ]
[462][3613][0][ 8]  [    ][    ][DOWN][  ][     ][    ]
[463][3619][0][ 0]  [    ][    ][    ][  ][     ][    ]
[464][3630][0][ 2]  [    ][    ][    ][  ][RIGHT][    ]
[465][3637][0][18]  [    ][JUMP][    ][  ][RIGHT][    ]
[466][3642][0][16]  [    ][JUMP][    ][  ][     ][    ]
[467][3655][0][18]  [    ][JUMP][    ][  ][RIGHT][    ]
[468][3663][0][16]  [    ][JUMP][    ][  ][     ][    ]
[469][3665][0][17]  [    ][JUMP][    ][  ][     ][LEFT]
[470][3666][0][33]  [FIRE][    ][    ][  ][     ][LEFT]
[471][3668][0][32]  [FIRE][    ][    ][  ][     ][    ]
[472][3672][0][34]  [FIRE][    ][    ][  ][RIGHT][    ]
[473][3689][0][32]  [FIRE][    ][    ][  ][     ][    ]
[474][3691][0][33]  [FIRE][    ][    ][  ][     ][LEFT]
[475][3695][0][32]  [FIRE][    ][    ][  ][     ][    ]
[476][3715][0][48]  [FIRE][JUMP][    ][  ][     ][    ]
[477][3716][0][49]  [FIRE][JUMP][    ][  ][     ][LEFT]
[478][3720][0][53]  [FIRE][JUMP][    ][UP][     ][LEFT]
[479][3726][0][21]  [    ][JUMP][    ][UP][     ][LEFT]
[480][3728][0][17]  [    ][JUMP][    ][  ][     ][LEFT]
[481][3729][0][ 1]  [    ][    ][    ][  ][     ][LEFT]
[482][3733][0][ 9]  [    ][    ][DOWN][  ][     ][LEFT]
[483][3735][0][ 8]  [    ][    ][DOWN][  ][     ][    ]
[484][3740][0][ 0]  [    ][    ][    ][  ][     ][    ]
[485][3766][0][ 2]  [    ][    ][    ][  ][RIGHT][    ]
[486][3771][0][18]  [    ][JUMP][    ][  ][RIGHT][    ]
[487][3778][0][50]  [FIRE][JUMP][    ][  ][RIGHT][    ]
[488][3780][0][38]  [FIRE][    ][    ][UP][RIGHT][    ]
[489][3783][0][ 6]  [    ][    ][    ][UP][RIGHT][    ]
[490][3786][0][38]  [FIRE][    ][    ][UP][RIGHT][    ]
[491][3789][0][ 6]  [    ][    ][    ][UP][RIGHT][    ]
[492][3792][0][38]  [FIRE][    ][    ][UP][RIGHT][    ]
[493][3795][0][ 6]  [    ][    ][    ][UP][RIGHT][    ]
[494][3799][0][36]  [FIRE][    ][    ][UP][     ][    ]
[495][3800][0][ 4]  [    ][    ][    ][UP][     ][    ]
[496][3801][0][ 1]  [    ][    ][    ][  ][     ][LEFT]
[497][3804][0][33]  [FIRE][    ][    ][  ][     ][LEFT]
[498][3807][0][ 0]  [    ][    ][    ][  ][     ][    ]
[499][3809][0][32]  [FIRE][    ][    ][  ][     ][    ]
[500][3811][0][48]  [FIRE][JUMP][    ][  ][     ][    ]
[501][3812][0][ 0]  [    ][    ][    ][  ][     ][    ]
[502][3815][0][16]  [    ][JUMP][    ][  ][     ][    ]
[503][3816][0][48]  [FIRE][JUMP][    ][  ][     ][    ]
[504][3817][0][ 0]  [    ][    ][    ][  ][     ][    ]
[505][3821][0][48]  [FIRE][JUMP][    ][  ][     ][    ]
[506][3823][0][32]  [FIRE][    ][    ][  ][     ][    ]
[507][3824][0][ 0]  [    ][    ][    ][  ][     ][    ]
[508][3827][0][48]  [FIRE][JUMP][    ][  ][     ][    ]
[509][3830][0][ 0]  [    ][    ][    ][  ][     ][    ]
[510][3833][0][ 1]  [    ][    ][    ][  ][     ][LEFT]
[511][3834][0][17]  [    ][JUMP][    ][  ][     ][LEFT]
[512][3836][0][49]  [FIRE][JUMP][    ][  ][     ][LEFT]
[513][3837][0][ 1]  [    ][    ][    ][  ][     ][LEFT]
[514][3841][0][17]  [    ][JUMP][    ][  ][     ][LEFT]
[515][3842][0][49]  [FIRE][JUMP][    ][  ][     ][LEFT]
[516][3844][0][ 1]  [    ][    ][    ][  ][     ][LEFT]
[517][3848][0][17]  [    ][JUMP][    ][  ][     ][LEFT]
[518][3849][0][49]  [FIRE][JUMP][    ][  ][     ][LEFT]
[519][3851][0][ 1]  [    ][    ][    ][  ][     ][LEFT]
[520][3854][0][ 0]  [    ][    ][    ][  ][     ][    ]
[521][3859][0][ 1]  [    ][    ][    ][  ][     ][LEFT]
[522][3867][0][33]  [FIRE][    ][    ][  ][     ][LEFT]
[523][3881][0][53]  [FIRE][JUMP][    ][UP][     ][LEFT]
[524][3884][0][52]  [FIRE][JUMP][    ][UP][     ][    ]
[525][3887][0][53]  [FIRE][JUMP][    ][UP][     ][LEFT]
[526][3890][0][21]  [    ][JUMP][    ][UP][     ][LEFT]
[527][3892][0][ 5]  [    ][    ][    ][UP][     ][LEFT]
[528][3893][0][ 1]  [    ][    ][    ][  ][     ][LEFT]
[529][3895][0][ 0]  [    ][    ][    ][  ][     ][    ]
[530][3897][0][ 8]  [    ][    ][DOWN][  ][     ][    ]
[531][3904][0][ 0]  [    ][    ][    ][  ][     ][    ]
[532][3921][0][ 2]  [    ][    ][    ][  ][RIGHT][    ]
[533][3930][0][18]  [    ][JUMP][    ][  ][RIGHT][    ]
[534][3946][0][ 2]  [    ][    ][    ][  ][RIGHT][    ]
[535][3947][0][ 1]  [    ][    ][    ][  ][     ][LEFT]
[536][3951][0][ 0]  [    ][    ][    ][  ][     ][    ]
[537][3952][0][32]  [FIRE][    ][    ][  ][     ][    ]
[538][3955][0][34]  [FIRE][    ][    ][  ][RIGHT][    ]
[539][3966][0][33]  [FIRE][    ][    ][  ][     ][LEFT]
[540][3975][0][49]  [FIRE][JUMP][    ][  ][     ][LEFT]
[541][3989][0][48]  [FIRE][JUMP][    ][  ][     ][    ]
[542][3991][0][50]  [FIRE][JUMP][    ][  ][RIGHT][    ]
[543][3992][0][34]  [FIRE][    ][    ][  ][RIGHT][    ]
[544][4006][0][32]  [FIRE][    ][    ][  ][     ][    ]
[545][4010][0][33]  [FIRE][    ][    ][  ][     ][LEFT]
[546][4015][0][32]  [FIRE][    ][    ][  ][     ][    ]
[547][4020][0][34]  [FIRE][    ][    ][  ][RIGHT][    ]
[548][4033][0][33]  [FIRE][    ][    ][  ][     ][LEFT]
[549][4045][0][49]  [FIRE][JUMP][    ][  ][     ][LEFT]
[550][4055][0][17]  [    ][JUMP][    ][  ][     ][LEFT]
[551][4058][0][25]  [    ][JUMP][DOWN][  ][     ][LEFT]
[552][4063][0][ 9]  [    ][    ][DOWN][  ][     ][LEFT]
[553][4065][0][ 0]  [    ][    ][    ][  ][     ][    ]
[554][4080][0][ 8]  [    ][    ][DOWN][  ][     ][    ]
[555][4085][0][ 0]  [    ][    ][    ][  ][     ][    ]
[556][4095][0][ 2]  [    ][    ][    ][  ][RIGHT][    ]
[557][4101][0][18]  [    ][JUMP][    ][  ][RIGHT][    ]
[558][4124][0][ 0]  [    ][    ][    ][  ][     ][    ]
[559][4127][0][32]  [FIRE][    ][    ][  ][     ][    ]
[560][4131][0][33]  [FIRE][    ][    ][  ][     ][LEFT]
[561][4135][0][32]  [FIRE][    ][    ][  ][     ][    ]
[562][4138][0][33]  [FIRE][    ][    ][  ][     ][LEFT]
[563][4143][0][32]  [FIRE][    ][    ][  ][     ][    ]
[564][4159][0][48]  [FIRE][JUMP][    ][  ][     ][    ]
[565][4169][0][52]  [FIRE][JUMP][    ][UP][     ][    ]
[566][4176][0][20]  [    ][JUMP][    ][UP][     ][    ]
[567][4177][0][16]  [    ][JUMP][    ][  ][     ][    ]
[568][4181][0][ 0]  [    ][    ][    ][  ][     ][    ]
[569][4192][0][ 8]  [    ][    ][DOWN][  ][     ][    ]
[570][4197][0][ 0]  [    ][    ][    ][  ][     ][    ]
[571][4219][0][ 2]  [    ][    ][    ][  ][RIGHT][    ]
[572][4228][0][18]  [    ][JUMP][    ][  ][RIGHT][    ]
[573][4238][0][22]  [    ][JUMP][    ][UP][RIGHT][    ]
[574][4243][0][54]  [FIRE][JUMP][    ][UP][RIGHT][    ]
[575][4245][0][38]  [FIRE][    ][    ][UP][RIGHT][    ]
[576][4247][0][ 6]  [    ][    ][    ][UP][RIGHT][    ]
[577][4251][0][38]  [FIRE][    ][    ][UP][RIGHT][    ]
[578][4254][0][ 4]  [    ][    ][    ][UP][     ][    ]
[579][4255][0][ 5]  [    ][    ][    ][UP][     ][LEFT]
[580][4257][0][ 4]  [    ][    ][    ][UP][     ][    ]
[581][4258][0][36]  [FIRE][    ][    ][UP][     ][    ]
[582][4259][0][ 4]  [    ][    ][    ][UP][     ][    ]
[583][4260][0][ 6]  [    ][    ][    ][UP][RIGHT][    ]
[584][4263][0][38]  [FIRE][    ][    ][UP][RIGHT][    ]
[585][4266][0][ 6]  [    ][    ][    ][UP][RIGHT][    ]
[586][4269][0][ 4]  [    ][    ][    ][UP][     ][    ]
[587][4270][0][36]  [FIRE][    ][    ][UP][     ][    ]
[588][4271][0][ 4]  [    ][    ][    ][UP][     ][    ]
[589][4276][0][36]  [FIRE][    ][    ][UP][     ][    ]
[590][4277][0][37]  [FIRE][    ][    ][UP][     ][LEFT]
[591][4278][0][ 5]  [    ][    ][    ][UP][     ][LEFT]
[592][4279][0][ 1]  [    ][    ][    ][  ][     ][LEFT]
[593][4286][0][17]  [    ][JUMP][    ][  ][     ][LEFT]
[594][4299][0][ 1]  [    ][    ][    ][  ][     ][LEFT]
[595][4314][0][33]  [FIRE][    ][    ][  ][     ][LEFT]
[596][4316][0][32]  [FIRE][    ][    ][  ][     ][    ]
[597][4323][0][34]  [FIRE][    ][    ][  ][RIGHT][    ]
[598][4331][0][32]  [FIRE][    ][    ][  ][     ][    ]
[599][4344][0][34]  [FIRE][    ][    ][  ][RIGHT][    ]
[600][4351][0][32]  [FIRE][    ][    ][  ][     ][    ]
[601][4366][0][ 0]  [    ][    ][    ][  ][     ][    ]
[602][4395][0][ 1]  [    ][    ][    ][  ][     ][LEFT]
[603][4416][0][ 0]  [    ][    ][    ][  ][     ][    ]
[604][4423][0][ 2]  [    ][    ][    ][  ][RIGHT][    ]
[605][4439][0][34]  [FIRE][    ][    ][  ][RIGHT][    ]
[606][4454][0][32]  [FIRE][    ][    ][  ][     ][    ]
[607][4455][0][33]  [FIRE][    ][    ][  ][     ][LEFT]
[608][4460][0][32]  [FIRE][    ][    ][  ][     ][    ]
[609][4465][0][48]  [FIRE][JUMP][    ][  ][     ][    ]
[610][4470][0][52]  [FIRE][JUMP][    ][UP][     ][    ]
[611][4478][0][20]  [    ][JUMP][    ][UP][     ][    ]
[612][4479][0][16]  [    ][JUMP][    ][  ][     ][    ]
[613][4484][0][ 0]  [    ][    ][    ][  ][     ][    ]
[614][4502][0][ 8]  [    ][    ][DOWN][  ][     ][    ]
[615][4506][0][ 0]  [    ][    ][    ][  ][     ][    ]
[616][4528][0][ 1]  [    ][    ][    ][  ][     ][LEFT]
[617][4533][0][17]  [    ][JUMP][    ][  ][     ][LEFT]
[618][4544][0][16]  [    ][JUMP][    ][  ][     ][    ]
[619][4547][0][ 0]  [    ][    ][    ][  ][     ][    ]
[620][4548][0][ 1]  [    ][    ][    ][  ][     ][LEFT]
[621][4550][0][ 0]  [    ][    ][    ][  ][     ][    ]
[622][4554][0][ 1]  [    ][    ][    ][  ][     ][LEFT]
[623][4560][0][32]  [FIRE][    ][    ][  ][     ][    ]
[624][4561][0][34]  [FIRE][    ][    ][  ][RIGHT][    ]
[625][4563][0][ 2]  [    ][    ][    ][  ][RIGHT][    ]
[626][4566][0][ 0]  [    ][    ][    ][  ][     ][    ]
[627][4567][0][32]  [FIRE][    ][    ][  ][     ][    ]
[628][4569][0][ 0]  [    ][    ][    ][  ][     ][    ]
[629][4574][0][32]  [FIRE][    ][    ][  ][     ][    ]
[630][4586][0][ 0]  [    ][    ][    ][  ][     ][    ]
[631][4587][0][32]  [FIRE][    ][    ][  ][     ][    ]
[632][4590][0][ 0]  [    ][    ][    ][  ][     ][    ]
[633][4597][0][ 2]  [    ][    ][    ][  ][RIGHT][    ]
[634][4602][0][ 0]  [    ][    ][    ][  ][     ][    ]
[635][4603][0][32]  [FIRE][    ][    ][  ][     ][    ]
[636][4608][0][33]  [FIRE][    ][    ][  ][     ][LEFT]
[637][4619][0][32]  [FIRE][    ][    ][  ][     ][    ]
[638][4626][0][34]  [FIRE][    ][    ][  ][RIGHT][    ]
[639][4638][0][32]  [FIRE][    ][    ][  ][     ][    ]
[640][4641][0][33]  [FIRE][    ][    ][  ][     ][LEFT]
[641][4648][0][49]  [FIRE][JUMP][    ][  ][     ][LEFT]
[642][4655][0][53]  [FIRE][JUMP][    ][UP][     ][LEFT]
[643][4660][0][21]  [    ][JUMP][    ][UP][     ][LEFT]
[644][4663][0][17]  [    ][JUMP][    ][  ][     ][LEFT]
[645][4664][0][ 1]  [    ][    ][    ][  ][     ][LEFT]
[646][4671][0][ 0]  [    ][    ][    ][  ][     ][    ]
[647][4680][0][ 8]  [    ][    ][DOWN][  ][     ][    ]
[648][4685][0][ 0]  [    ][    ][    ][  ][     ][    ]
[649][4700][0][ 2]  [    ][    ][    ][  ][RIGHT][    ]
[650][4707][0][18]  [    ][JUMP][    ][  ][RIGHT][    ]
[651][4722][0][ 2]  [    ][    ][    ][  ][RIGHT][    ]
[652][4724][0][ 0]  [    ][    ][    ][  ][     ][    ]
[653][4737][0][ 2]  [    ][    ][    ][  ][RIGHT][    ]
[654][4767][0][16]  [    ][JUMP][    ][  ][     ][    ]
[655][4775][0][24]  [    ][JUMP][DOWN][  ][     ][    ]
[656][4781][0][ 8]  [    ][    ][DOWN][  ][     ][    ]
[657][4785][0][ 0]  [    ][    ][    ][  ][     ][    ]
[658][4793][0][ 1]  [    ][    ][    ][  ][     ][LEFT]
[659][4828][0][33]  [FIRE][    ][    ][  ][     ][LEFT]
[660][4856][0][32]  [FIRE][    ][    ][  ][     ][    ]
[661][4857][0][ 0]  [    ][    ][    ][  ][     ][    ]
[662][4860][0][ 2]  [    ][    ][    ][  ][RIGHT][    ]
[663][4878][0][18]  [    ][JUMP][    ][  ][RIGHT][    ]
[664][4900][0][ 2]  [    ][    ][    ][  ][RIGHT][    ]
[665][4901][0][ 0]  [    ][    ][    ][  ][     ][    ]
[666][4904][0][ 8]  [    ][    ][DOWN][  ][     ][    ]
[667][4910][0][ 0]  [    ][    ][    ][  ][     ][    ]
[668][4926][0][16]  [    ][JUMP][    ][  ][     ][    ]
[669][4940][0][ 1]  [    ][    ][    ][  ][     ][LEFT]
[670][4945][0][33]  [FIRE][    ][    ][  ][     ][LEFT]
[671][4960][0][32]  [FIRE][    ][    ][  ][     ][    ]
[672][4967][0][33]  [FIRE][    ][    ][  ][     ][LEFT]
[673][4972][0][49]  [FIRE][JUMP][    ][  ][     ][LEFT]
[674][4976][0][53]  [FIRE][JUMP][    ][UP][     ][LEFT]
[675][4984][0][21]  [    ][JUMP][    ][UP][     ][LEFT]
[676][4988][0][ 1]  [    ][    ][    ][  ][     ][LEFT]
[677][4995][0][ 0]  [    ][    ][    ][  ][     ][    ]
[678][5025][0][ 8]  [    ][    ][DOWN][  ][     ][    ]
[679][5031][0][ 0]  [    ][    ][    ][  ][     ][    ]
[680][5035][0][ 2]  [    ][    ][    ][  ][RIGHT][    ]
[681][5049][0][18]  [    ][JUMP][    ][  ][RIGHT][    ]
[682][5069][0][16]  [    ][JUMP][    ][  ][     ][    ]
[683][5072][0][48]  [FIRE][JUMP][    ][  ][     ][    ]
[684][5078][0][32]  [FIRE][    ][    ][  ][     ][    ]
[685][5080][0][33]  [FIRE][    ][    ][  ][     ][LEFT]
[686][5098][0][32]  [FIRE][    ][    ][  ][     ][    ]
[687][5100][0][34]  [FIRE][    ][    ][  ][RIGHT][    ]
[688][5119][0][32]  [FIRE][    ][    ][  ][     ][    ]
[689][5122][0][33]  [FIRE][    ][    ][  ][     ][LEFT]
[690][5127][0][32]  [FIRE][    ][    ][  ][     ][    ]
[691][5138][0][48]  [FIRE][JUMP][    ][  ][     ][    ]
[692][5139][0][49]  [FIRE][JUMP][    ][  ][     ][LEFT]
[693][5167][0][57]  [FIRE][JUMP][DOWN][  ][     ][LEFT]
[694][5173][0][25]  [    ][JUMP][DOWN][  ][     ][LEFT]
[695][5177][0][ 1]  [    ][    ][    ][  ][     ][LEFT]
[696][5178][0][ 0]  [    ][    ][    ][  ][     ][    ]
[697][5194][0][ 2]  [    ][    ][    ][  ][RIGHT][    ]
[698][5205][0][18]  [    ][JUMP][    ][  ][RIGHT][    ]
[699][5216][0][ 2]  [    ][    ][    ][  ][RIGHT][    ]
[700][5226][0][34]  [FIRE][    ][    ][  ][RIGHT][    ]
[701][5242][0][33]  [FIRE][    ][    ][  ][     ][LEFT]
[702][5256][0][49]  [FIRE][JUMP][    ][  ][     ][LEFT]
[703][5286][0][53]  [FIRE][JUMP][    ][UP][     ][LEFT]
[704][5289][0][21]  [    ][JUMP][    ][UP][     ][LEFT]
[705][5296][0][ 1]  [    ][    ][    ][  ][     ][LEFT]
[706][5297][0][ 0]  [    ][    ][    ][  ][     ][    ]
[707][5313][0][ 8]  [    ][    ][DOWN][  ][     ][    ]
[708][5318][0][ 0]  [    ][    ][    ][  ][     ][    ]
[709][5325][0][ 2]  [    ][    ][    ][  ][RIGHT][    ]
[710][5335][0][18]  [    ][JUMP][    ][  ][RIGHT][    ]
[711][5368][0][16]  [    ][JUMP][    ][  ][     ][    ]
[712][5371][0][ 0]  [    ][    ][    ][  ][     ][    ]
[713][5372][0][32]  [FIRE][    ][    ][  ][     ][    ]
[714][5392][0][33]  [FIRE][    ][    ][  ][     ][LEFT]
[715][5396][0][32]  [FIRE][    ][    ][  ][     ][    ]
[716][5397][0][34]  [FIRE][    ][    ][  ][RIGHT][    ]
[717][5408][0][32]  [FIRE][    ][    ][  ][     ][    ]
[718][5411][0][33]  [FIRE][    ][    ][  ][     ][LEFT]
[719][5421][0][49]  [FIRE][JUMP][    ][  ][     ][LEFT]
[720][5451][0][25]  [    ][JUMP][DOWN][  ][     ][LEFT]
[721][5460][0][ 1]  [    ][    ][    ][  ][     ][LEFT]
[722][5461][0][ 0]  [    ][    ][    ][  ][     ][    ]
[723][5479][0][ 2]  [    ][    ][    ][  ][RIGHT][    ]
[724][5485][0][ 0]  [    ][    ][    ][  ][     ][    ]
[725][5486][0][ 1]  [    ][    ][    ][  ][     ][LEFT]
[726][5505][0][33]  [FIRE][    ][    ][  ][     ][LEFT]
[727][5518][0][49]  [FIRE][JUMP][    ][  ][     ][LEFT]
[728][5519][0][48]  [FIRE][JUMP][    ][  ][     ][    ]
[729][5525][0][49]  [FIRE][JUMP][    ][  ][     ][LEFT]
[730][5531][0][53]  [FIRE][JUMP][    ][UP][     ][LEFT]
[731][5536][0][21]  [    ][JUMP][    ][UP][     ][LEFT]
[732][5538][0][ 1]  [    ][    ][    ][  ][     ][LEFT]
[733][5539][0][ 0]  [    ][    ][    ][  ][     ][    ]
[734][5547][0][ 2]  [    ][    ][    ][  ][RIGHT][    ]
[735][5573][0][34]  [FIRE][    ][    ][  ][RIGHT][    ]
[736][5577][0][ 2]  [    ][    ][    ][  ][RIGHT][    ]
[737][5580][0][18]  [    ][JUMP][    ][  ][RIGHT][    ]
[738][5584][0][ 2]  [    ][    ][    ][  ][RIGHT][    ]
[739][5585][0][34]  [FIRE][    ][    ][  ][RIGHT][    ]
[740][5590][0][ 2]  [    ][    ][    ][  ][RIGHT][    ]
[741][5608][0][18]  [    ][JUMP][    ][  ][RIGHT][    ]
[742][5624][0][ 2]  [    ][    ][    ][  ][RIGHT][    ]
[743][5648][0][ 0]  [    ][    ][    ][  ][     ][    ]
[744][5650][0][ 1]  [    ][    ][    ][  ][     ][LEFT]
[745][5651][0][33]  [FIRE][    ][    ][  ][     ][LEFT]
[746][5671][0][49]  [FIRE][JUMP][    ][  ][     ][LEFT]
[747][5679][0][57]  [FIRE][JUMP][DOWN][  ][     ][LEFT]
[748][5685][0][25]  [    ][JUMP][DOWN][  ][     ][LEFT]
[749][5690][0][ 9]  [    ][    ][DOWN][  ][     ][LEFT]
[750][5691][0][ 1]  [    ][    ][    ][  ][     ][LEFT]
[751][5693][0][ 0]  [    ][    ][    ][  ][     ][    ]
[752][5705][0][ 2]  [    ][    ][    ][  ][RIGHT][    ]
[753][5714][0][18]  [    ][JUMP][    ][  ][RIGHT][    ]
[754][5730][0][ 2]  [    ][    ][    ][  ][RIGHT][    ]
[755][5741][0][34]  [FIRE][    ][    ][  ][RIGHT][    ]
[756][5742][0][32]  [FIRE][    ][    ][  ][     ][    ]
[757][5751][0][33]  [FIRE][    ][    ][  ][     ][LEFT]
[758][5764][0][49]  [FIRE][JUMP][    ][  ][     ][LEFT]
[759][5785][0][57]  [FIRE][JUMP][DOWN][  ][     ][LEFT]
[760][5789][0][25]  [    ][JUMP][DOWN][  ][     ][LEFT]
[761][5795][0][ 9]  [    ][    ][DOWN][  ][     ][LEFT]
[762][5796][0][ 1]  [    ][    ][    ][  ][     ][LEFT]
[763][5798][0][ 0]  [    ][    ][    ][  ][     ][    ]
[764][5813][0][ 2]  [    ][    ][    ][  ][RIGHT][    ]
[765][5822][0][18]  [    ][JUMP][    ][  ][RIGHT][    ]
[766][5838][0][ 2]  [    ][    ][    ][  ][RIGHT][    ]
[767][5855][0][34]  [FIRE][    ][    ][  ][RIGHT][    ]
[768][5861][0][32]  [FIRE][    ][    ][  ][     ][    ]
[769][5863][0][33]  [FIRE][    ][    ][  ][     ][LEFT]
[770][5881][0][49]  [FIRE][JUMP][    ][  ][     ][LEFT]
[771][5910][0][53]  [FIRE][JUMP][    ][UP][     ][LEFT]
[772][5915][0][21]  [    ][JUMP][    ][UP][     ][LEFT]
[773][5919][0][17]  [    ][JUMP][    ][  ][     ][LEFT]
[774][5920][0][ 1]  [    ][    ][    ][  ][     ][LEFT]
[775][5924][0][ 0]  [    ][    ][    ][  ][     ][    ]
[776][5944][0][ 8]  [    ][    ][DOWN][  ][     ][    ]
[777][5949][0][ 0]  [    ][    ][    ][  ][     ][    ]
[778][5957][0][16]  [    ][JUMP][    ][  ][     ][    ]
[779][5959][0][18]  [    ][JUMP][    ][  ][RIGHT][    ]
[780][5978][0][ 2]  [    ][    ][    ][  ][RIGHT][    ]
[781][5982][0][ 0]  [    ][    ][    ][  ][     ][    ]
[782][5984][0][ 1]  [    ][    ][    ][  ][     ][LEFT]
[783][5985][0][33]  [FIRE][    ][    ][  ][     ][LEFT]
[784][5988][0][ 1]  [    ][    ][    ][  ][     ][LEFT]
[785][5989][0][ 0]  [    ][    ][    ][  ][     ][    ]
[786][5992][0][32]  [FIRE][    ][    ][  ][     ][    ]
[787][5994][0][ 0]  [    ][    ][    ][  ][     ][    ]
[788][5998][0][32]  [FIRE][    ][    ][  ][     ][    ]
[789][6000][0][ 0]  [    ][    ][    ][  ][     ][    ]
[790][6003][0][32]  [FIRE][    ][    ][  ][     ][    ]
[791][6005][0][ 0]  [    ][    ][    ][  ][     ][    ]
[792][6009][0][32]  [FIRE][    ][    ][  ][     ][    ]
[793][6011][0][ 0]  [    ][    ][    ][  ][     ][    ]
[794][6015][0][32]  [FIRE][    ][    ][  ][     ][    ]
[795][6016][0][34]  [FIRE][    ][    ][  ][RIGHT][    ]
[796][6018][0][ 2]  [    ][    ][    ][  ][RIGHT][    ]
[797][6023][0][34]  [FIRE][    ][    ][  ][RIGHT][    ]
[798][6025][0][ 2]  [    ][    ][    ][  ][RIGHT][    ]
[799][6040][0][18]  [    ][JUMP][    ][  ][RIGHT][    ]
[800][6054][0][ 2]  [    ][    ][    ][  ][RIGHT][    ]
[801][6063][0][ 0]  [    ][    ][    ][  ][     ][    ]
[802][6065][0][ 1]  [    ][    ][    ][  ][     ][LEFT]
[803][6068][0][33]  [FIRE][    ][    ][  ][     ][LEFT]
[804][6086][0][49]  [FIRE][JUMP][    ][  ][     ][LEFT]
[805][6102][0][21]  [    ][JUMP][    ][UP][     ][LEFT]
[806][6108][0][ 5]  [    ][    ][    ][UP][     ][LEFT]
[807][6109][0][ 1]  [    ][    ][    ][  ][     ][LEFT]
[808][6113][0][ 0]  [    ][    ][    ][  ][     ][    ]
[809][6135][0][ 8]  [    ][    ][DOWN][  ][     ][    ]
[810][6140][0][ 0]  [    ][    ][    ][  ][     ][    ]
[811][6151][0][ 2]  [    ][    ][    ][  ][RIGHT][    ]
[812][6160][0][18]  [    ][JUMP][    ][  ][RIGHT][    ]
[813][6176][0][ 2]  [    ][    ][    ][  ][RIGHT][    ]
[814][6195][0][34]  [FIRE][    ][    ][  ][RIGHT][    ]
[815][6198][0][32]  [FIRE][    ][    ][  ][     ][    ]
[816][6201][0][33]  [FIRE][    ][    ][  ][     ][LEFT]
[817][6243][0][49]  [FIRE][JUMP][    ][  ][     ][LEFT]
[818][6269][0][57]  [FIRE][JUMP][DOWN][  ][     ][LEFT]
[819][6274][0][25]  [    ][JUMP][DOWN][  ][     ][LEFT]
[820][6279][0][17]  [    ][JUMP][    ][  ][     ][LEFT]
[821][6280][0][ 1]  [    ][    ][    ][  ][     ][LEFT]
[822][6281][0][ 0]  [    ][    ][    ][  ][     ][    ]
[823][6294][0][ 2]  [    ][    ][    ][  ][RIGHT][    ]
[824][6307][0][ 0]  [    ][    ][    ][  ][     ][    ]
[825][6410][0][ 2]  [    ][    ][    ][  ][RIGHT][    ]
[826][6430][0][ 0]  [    ][    ][    ][  ][     ][    ]
[827][6443][0][32]  [FIRE][    ][    ][  ][     ][    ]
[828][6453][0][33]  [FIRE][    ][    ][  ][     ][LEFT]
[829][6457][0][32]  [FIRE][    ][    ][  ][     ][    ]
[830][6491][0][33]  [FIRE][    ][    ][  ][     ][LEFT]
[831][6493][0][32]  [FIRE][    ][    ][  ][     ][    ]
[832][6522][0][36]  [FIRE][    ][    ][UP][     ][    ]
[833][6523][0][52]  [FIRE][JUMP][    ][UP][     ][    ]
[834][6536][0][20]  [    ][JUMP][    ][UP][     ][    ]
[835][6538][0][16]  [    ][JUMP][    ][  ][     ][    ]
[836][6539][0][ 0]  [    ][    ][    ][  ][     ][    ]
[837][6553][0][ 2]  [    ][    ][    ][  ][RIGHT][    ]
[838][6567][0][18]  [    ][JUMP][    ][  ][RIGHT][    ]
[839][6594][0][ 2]  [    ][    ][    ][  ][RIGHT][    ]
[840][6607][0][32]  [FIRE][    ][    ][  ][     ][    ]
[841][6608][0][33]  [FIRE][    ][    ][  ][     ][LEFT]
[842][6611][0][ 5]  [    ][    ][    ][UP][     ][LEFT]
[843][6616][0][37]  [FIRE][    ][    ][UP][     ][LEFT]
[844][6617][0][36]  [FIRE][    ][    ][UP][     ][    ]
[845][6618][0][ 4]  [    ][    ][    ][UP][     ][    ]
[846][6622][0][36]  [FIRE][    ][    ][UP][     ][    ]
[847][6624][0][ 4]  [    ][    ][    ][UP][     ][    ]
[848][6627][0][36]  [FIRE][    ][    ][UP][     ][    ]
[849][6629][0][ 4]  [    ][    ][    ][UP][     ][    ]
[850][6633][0][36]  [FIRE][    ][    ][UP][     ][    ]
[851][6634][0][37]  [FIRE][    ][    ][UP][     ][LEFT]
[852][6636][0][ 5]  [    ][    ][    ][UP][     ][LEFT]
[853][6637][0][ 4]  [    ][    ][    ][UP][     ][    ]
[854][6639][0][36]  [FIRE][    ][    ][UP][     ][    ]
[855][6640][0][ 4]  [    ][    ][    ][UP][     ][    ]
[856][6642][0][ 6]  [    ][    ][    ][UP][RIGHT][    ]
[857][6645][0][38]  [FIRE][    ][    ][UP][RIGHT][    ]
[858][6647][0][ 6]  [    ][    ][    ][UP][RIGHT][    ]
[859][6651][0][38]  [FIRE][    ][    ][UP][RIGHT][    ]
[860][6653][0][ 6]  [    ][    ][    ][UP][RIGHT][    ]
[861][6657][0][38]  [FIRE][    ][    ][UP][RIGHT][    ]
[862][6659][0][ 6]  [    ][    ][    ][UP][RIGHT][    ]
[863][6664][0][38]  [FIRE][    ][    ][UP][RIGHT][    ]
[864][6666][0][ 6]  [    ][    ][    ][UP][RIGHT][    ]
[865][6671][0][38]  [FIRE][    ][    ][UP][RIGHT][    ]
[866][6677][0][22]  [    ][JUMP][    ][UP][RIGHT][    ]
[867][6678][0][18]  [    ][JUMP][    ][  ][RIGHT][    ]
[868][6684][0][ 2]  [    ][    ][    ][  ][RIGHT][    ]
[869][6688][0][ 3]  [    ][    ][    ][  ][RIGHT][LEFT]
[870][6689][0][ 1]  [    ][    ][    ][  ][     ][LEFT]
[871][6690][0][33]  [FIRE][    ][    ][  ][     ][LEFT]
[872][6692][0][ 0]  [    ][    ][    ][  ][     ][    ]
[873][6696][0][32]  [FIRE][    ][    ][  ][     ][    ]
[874][6698][0][ 0]  [    ][    ][    ][  ][     ][    ]
[875][6702][0][32]  [FIRE][    ][    ][  ][     ][    ]
[876][6704][0][ 0]  [    ][    ][    ][  ][     ][    ]
[877][6707][0][32]  [FIRE][    ][    ][  ][     ][    ]
[878][6709][0][ 0]  [    ][    ][    ][  ][     ][    ]
[879][6713][0][32]  [FIRE][    ][    ][  ][     ][    ]
[880][6715][0][ 0]  [    ][    ][    ][  ][     ][    ]
[881][6718][0][32]  [FIRE][    ][    ][  ][     ][    ]
[882][6721][0][ 0]  [    ][    ][    ][  ][     ][    ]
[883][6725][0][32]  [FIRE][    ][    ][  ][     ][    ]
[884][6729][0][34]  [FIRE][    ][    ][  ][RIGHT][    ]
[885][6731][0][50]  [FIRE][JUMP][    ][  ][RIGHT][    ]
[886][6732][0][18]  [    ][JUMP][    ][  ][RIGHT][    ]
[887][6739][0][ 2]  [    ][    ][    ][  ][RIGHT][    ]
[888][6753][0][34]  [FIRE][    ][    ][  ][RIGHT][    ]
[889][6772][0][32]  [FIRE][    ][    ][  ][     ][    ]
[890][6782][0][33]  [FIRE][    ][    ][  ][     ][LEFT]
[891][6787][0][32]  [FIRE][    ][    ][  ][     ][    ]
[892][6810][0][33]  [FIRE][    ][    ][  ][     ][LEFT]
[893][6828][0][49]  [FIRE][JUMP][    ][  ][     ][LEFT]
[894][6839][0][17]  [    ][JUMP][    ][  ][     ][LEFT]
[895][6842][0][16]  [    ][JUMP][    ][  ][     ][    ]
[896][6843][0][ 0]  [    ][    ][    ][  ][     ][    ]
[897][6850][0][ 8]  [    ][    ][DOWN][  ][     ][    ]
[898][6856][0][ 0]  [    ][    ][    ][  ][     ][    ]
[899][6881][0][ 2]  [    ][    ][    ][  ][RIGHT][    ]
[900][6888][0][18]  [    ][JUMP][    ][  ][RIGHT][    ]
[901][6901][0][ 2]  [    ][    ][    ][  ][RIGHT][    ]
[902][6906][0][ 6]  [    ][    ][    ][UP][RIGHT][    ]
[903][6908][0][38]  [FIRE][    ][    ][UP][RIGHT][    ]
[904][6910][0][36]  [FIRE][    ][    ][UP][     ][    ]
[905][6912][0][ 4]  [    ][    ][    ][UP][     ][    ]
[906][6916][0][36]  [FIRE][    ][    ][UP][     ][    ]
[907][6919][0][ 4]  [    ][    ][    ][UP][     ][    ]
[908][6923][0][36]  [FIRE][    ][    ][UP][     ][    ]
[909][6925][0][ 4]  [    ][    ][    ][UP][     ][    ]
[910][6928][0][36]  [FIRE][    ][    ][UP][     ][    ]
[911][6931][0][ 6]  [    ][    ][    ][UP][RIGHT][    ]
[912][6935][0][38]  [FIRE][    ][    ][UP][RIGHT][    ]
[913][6936][0][36]  [FIRE][    ][    ][UP][     ][    ]
[914][6937][0][ 4]  [    ][    ][    ][UP][     ][    ]
[915][6940][0][ 0]  [    ][    ][    ][  ][     ][    ]
[916][6947][0][ 1]  [    ][    ][    ][  ][     ][LEFT]
[917][6956][0][32]  [FIRE][    ][    ][  ][     ][    ]
[918][6967][0][34]  [FIRE][    ][    ][  ][RIGHT][    ]
[919][6976][0][32]  [FIRE][    ][    ][  ][     ][    ]
[920][6993][0][34]  [FIRE][    ][    ][  ][RIGHT][    ]
[921][6998][0][32]  [FIRE][    ][    ][  ][     ][    ]
[922][6999][0][ 0]  [    ][    ][    ][  ][     ][    ]
[923][7015][0][ 8]  [    ][    ][DOWN][  ][     ][    ]
[924][7020][0][ 0]  [    ][    ][    ][  ][     ][    ]
[925][7031][0][ 2]  [    ][    ][    ][  ][RIGHT][    ]
[926][7033][0][ 0]  [    ][    ][    ][  ][     ][    ]
[927][7042][0][ 1]  [    ][    ][    ][  ][     ][LEFT]
[928][7054][0][17]  [    ][JUMP][    ][  ][     ][LEFT]
[929][7055][0][16]  [    ][JUMP][    ][  ][     ][    ]
[930][7058][0][48]  [FIRE][JUMP][    ][  ][     ][    ]
[931][7062][0][32]  [FIRE][    ][    ][  ][     ][    ]
[932][7076][0][ 0]  [    ][    ][    ][  ][     ][    ]
[933][7080][0][ 1]  [    ][    ][    ][  ][     ][LEFT]
[934][7091][0][17]  [    ][JUMP][    ][  ][     ][LEFT]
[935][7098][0][25]  [    ][JUMP][DOWN][  ][     ][LEFT]
[936][7101][0][ 9]  [    ][    ][DOWN][  ][     ][LEFT]
[937][7102][0][ 8]  [    ][    ][DOWN][  ][     ][    ]
[938][7105][0][ 0]  [    ][    ][    ][  ][     ][    ]
[939][7120][0][ 2]  [    ][    ][    ][  ][RIGHT][    ]
[940][7127][0][18]  [    ][JUMP][    ][  ][RIGHT][    ]
[941][7138][0][ 2]  [    ][    ][    ][  ][RIGHT][    ]
[942][7140][0][ 0]  [    ][    ][    ][  ][     ][    ]
[943][7150][0][ 2]  [    ][    ][    ][  ][RIGHT][    ]
[944][7157][0][ 0]  [    ][    ][    ][  ][     ][    ]
[945][7175][0][ 1]  [    ][    ][    ][  ][     ][LEFT]
[946][7179][0][33]  [FIRE][    ][    ][  ][     ][LEFT]
[947][7185][0][32]  [FIRE][    ][    ][  ][     ][    ]
[948][7187][0][ 0]  [    ][    ][    ][  ][     ][    ]
[949][7216][0][ 4]  [    ][    ][    ][UP][     ][    ]
[950][7220][0][52]  [FIRE][JUMP][    ][UP][     ][    ]
[951][7225][0][48]  [FIRE][JUMP][    ][  ][     ][    ]
[952][7226][0][16]  [    ][JUMP][    ][  ][     ][    ]
[953][7228][0][ 0]  [    ][    ][    ][  ][     ][    ]
[954][7230][0][ 8]  [    ][    ][DOWN][  ][     ][    ]
[955][7236][0][ 0]  [    ][    ][    ][  ][     ][    ]
[956][7253][0][ 2]  [    ][    ][    ][  ][RIGHT][    ]
[957][7266][0][34]  [FIRE][    ][    ][  ][RIGHT][    ]
[958][7267][0][32]  [FIRE][    ][    ][  ][     ][    ]
[959][7274][0][33]  [FIRE][    ][    ][  ][     ][LEFT]
[960][7303][0][49]  [FIRE][JUMP][    ][  ][     ][LEFT]
[961][7311][0][57]  [FIRE][JUMP][DOWN][  ][     ][LEFT]
[962][7315][0][25]  [    ][JUMP][DOWN][  ][     ][LEFT]
[963][7317][0][ 9]  [    ][    ][DOWN][  ][     ][LEFT]
[964][7318][0][ 1]  [    ][    ][    ][  ][     ][LEFT]
[965][7320][0][ 0]  [    ][    ][    ][  ][     ][    ]
[966][7336][0][ 2]  [    ][    ][    ][  ][RIGHT][    ]
[967][7344][0][18]  [    ][JUMP][    ][  ][RIGHT][    ]
[968][7357][0][ 2]  [    ][    ][    ][  ][RIGHT][    ]
[969][7378][0][34]  [FIRE][    ][    ][  ][RIGHT][    ]
[970][7384][0][32]  [FIRE][    ][    ][  ][     ][    ]
[971][7386][0][33]  [FIRE][    ][    ][  ][     ][LEFT]
[972][7416][0][32]  [FIRE][    ][    ][  ][     ][    ]
[973][7418][0][ 0]  [    ][    ][    ][  ][     ][    ]
[974][7422][0][ 2]  [    ][    ][    ][  ][RIGHT][    ]
[975][7442][0][18]  [    ][JUMP][    ][  ][RIGHT][    ]
[976][7466][0][ 0]  [    ][    ][    ][  ][     ][    ]
[977][7487][0][ 8]  [    ][    ][DOWN][  ][     ][    ]
[978][7491][0][ 0]  [    ][    ][    ][  ][     ][    ]
[979][7503][0][ 1]  [    ][    ][    ][  ][     ][LEFT]
[980][7521][0][17]  [    ][JUMP][    ][  ][     ][LEFT]
[981][7527][0][16]  [    ][JUMP][    ][  ][     ][    ]
[982][7528][0][18]  [    ][JUMP][    ][  ][RIGHT][    ]
[983][7538][0][ 2]  [    ][    ][    ][  ][RIGHT][    ]
[984][7561][0][18]  [    ][JUMP][    ][  ][RIGHT][    ]
[985][7575][0][50]  [FIRE][JUMP][    ][  ][RIGHT][    ]
[986][7577][0][34]  [FIRE][    ][    ][  ][RIGHT][    ]
[987][7580][0][ 2]  [    ][    ][    ][  ][RIGHT][    ]
[988][7584][0][34]  [FIRE][    ][    ][  ][RIGHT][    ]
[989][7586][0][32]  [FIRE][    ][    ][  ][     ][    ]
[990][7587][0][ 0]  [    ][    ][    ][  ][     ][    ]
[991][7588][0][ 1]  [    ][    ][    ][  ][     ][LEFT]
[992][7601][0][17]  [    ][JUMP][    ][  ][     ][LEFT]
[993][7615][0][ 1]  [    ][    ][    ][  ][     ][LEFT]
[994][7636][0][17]  [    ][JUMP][    ][  ][     ][LEFT]
[995][7650][0][ 1]  [    ][    ][    ][  ][     ][LEFT]
[996][7702][0][17]  [    ][JUMP][    ][  ][     ][LEFT]
[997][7709][0][ 1]  [    ][    ][    ][  ][     ][LEFT]
[998][7788][0][ 3]  [    ][    ][    ][  ][RIGHT][LEFT]
[999][7790][0][ 2]  [    ][    ][    ][  ][RIGHT][    ]
[1000][7807][0][34]  [FIRE][    ][    ][  ][RIGHT][    ]
[1001][7809][0][32]  [FIRE][    ][    ][  ][     ][    ]
[1002][7812][0][33]  [FIRE][    ][    ][  ][     ][LEFT]
[1003][7836][0][32]  [FIRE][    ][    ][  ][     ][    ]
[1004][7845][0][33]  [FIRE][    ][    ][  ][     ][LEFT]
[1005][7848][0][32]  [FIRE][    ][    ][  ][     ][    ]
[1006][7865][0][33]  [FIRE][    ][    ][  ][     ][LEFT]
[1007][7869][0][32]  [FIRE][    ][    ][  ][     ][    ]
[1008][7893][0][48]  [FIRE][JUMP][    ][  ][     ][    ]
[1009][7894][0][52]  [FIRE][JUMP][    ][UP][     ][    ]
[1010][7898][0][20]  [    ][JUMP][    ][UP][     ][    ]
[1011][7900][0][16]  [    ][JUMP][    ][  ][     ][    ]
[1012][7901][0][ 0]  [    ][    ][    ][  ][     ][    ]
[1013][7915][0][ 2]  [    ][    ][    ][  ][RIGHT][    ]
[1014][7923][0][ 0]  [    ][    ][    ][  ][     ][    ]
[1015][7934][0][ 1]  [    ][    ][    ][  ][     ][LEFT]
[1016][7943][0][17]  [    ][JUMP][    ][  ][     ][LEFT]
[1017][7945][0][16]  [    ][JUMP][    ][  ][     ][    ]
[1018][7958][0][48]  [FIRE][JUMP][    ][  ][     ][    ]
[1019][7961][0][32]  [FIRE][    ][    ][  ][     ][    ]
[1020][7967][0][34]  [FIRE][    ][    ][  ][RIGHT][    ]
[1021][7980][0][32]  [FIRE][    ][    ][  ][     ][    ]
[1022][7986][0][34]  [FIRE][    ][    ][  ][RIGHT][    ]
[1023][7991][0][ 2]  [    ][    ][    ][  ][RIGHT][    ]
[1024][8010][0][ 0]  [    ][    ][    ][  ][     ][    ]
[1025][8024][0][ 1]  [    ][    ][    ][  ][     ][LEFT]
[1026][8032][0][33]  [FIRE][    ][    ][  ][     ][LEFT]
[1027][8056][0][32]  [FIRE][    ][    ][  ][     ][    ]
[1028][8081][0][33]  [FIRE][    ][    ][  ][     ][LEFT]
[1029][8084][0][32]  [FIRE][    ][    ][  ][     ][    ]
[1030][8108][0][48]  [FIRE][JUMP][    ][  ][     ][    ]
[1031][8113][0][52]  [FIRE][JUMP][    ][UP][     ][    ]
[1032][8122][0][20]  [    ][JUMP][    ][UP][     ][    ]
[1033][8125][0][ 0]  [    ][    ][    ][  ][     ][    ]
[1034][8137][0][ 2]  [    ][    ][    ][  ][RIGHT][    ]
[1035][8156][0][18]  [    ][JUMP][    ][  ][RIGHT][    ]
[1036][8166][0][ 2]  [    ][    ][    ][  ][RIGHT][    ]
[1037][8168][0][ 0]  [    ][    ][    ][  ][     ][    ]
[1038][8172][0][32]  [FIRE][    ][    ][  ][     ][    ]
[1039][8182][0][33]  [FIRE][    ][    ][  ][     ][LEFT]
[1040][8192][0][32]  [FIRE][    ][    ][  ][     ][    ]
[1041][8199][0][33]  [FIRE][    ][    ][  ][     ][LEFT]
[1042][8218][0][32]  [FIRE][    ][    ][  ][     ][    ]
[1043][8224][0][33]  [FIRE][    ][    ][  ][     ][LEFT]
[1044][8227][0][32]  [FIRE][    ][    ][  ][     ][    ]
[1045][8248][0][33]  [FIRE][    ][    ][  ][     ][LEFT]
[1046][8251][0][32]  [FIRE][    ][    ][  ][     ][    ]
[1047][8275][0][48]  [FIRE][JUMP][    ][  ][     ][    ]
[1048][8280][0][52]  [FIRE][JUMP][    ][UP][     ][    ]
[1049][8292][0][20]  [    ][JUMP][    ][UP][     ][    ]
[1050][8293][0][ 0]  [    ][    ][    ][  ][     ][    ]
[1051][8317][0][ 2]  [    ][    ][    ][  ][RIGHT][    ]
[1052][8334][0][18]  [    ][JUMP][    ][  ][RIGHT][    ]
[1053][8345][0][16]  [    ][JUMP][    ][  ][     ][    ]
[1054][8347][0][ 0]  [    ][    ][    ][  ][     ][    ]
[1055][8352][0][32]  [FIRE][    ][    ][  ][     ][    ]
[1056][8358][0][33]  [FIRE][    ][    ][  ][     ][LEFT]
[1057][8364][0][32]  [FIRE][    ][    ][  ][     ][    ]
[1058][8369][0][33]  [FIRE][    ][    ][  ][     ][LEFT]
[1059][8380][0][32]  [FIRE][    ][    ][  ][     ][    ]
[1060][8385][0][33]  [FIRE][    ][    ][  ][     ][LEFT]
[1061][8390][0][32]  [FIRE][    ][    ][  ][     ][    ]
[1062][8402][0][33]  [FIRE][    ][    ][  ][     ][LEFT]
[1063][8406][0][32]  [FIRE][    ][    ][  ][     ][    ]
[1064][8424][0][33]  [FIRE][    ][    ][  ][     ][LEFT]
[1065][8426][0][32]  [FIRE][    ][    ][  ][     ][    ]
[1066][8454][0][48]  [FIRE][JUMP][    ][  ][     ][    ]
[1067][8461][0][52]  [FIRE][JUMP][    ][UP][     ][    ]
[1068][8472][0][20]  [    ][JUMP][    ][UP][     ][    ]
[1069][8476][0][ 0]  [    ][    ][    ][  ][     ][    ]
[1070][8517][0][ 2]  [    ][    ][    ][  ][RIGHT][    ]
[1071][8523][0][18]  [    ][JUMP][    ][  ][RIGHT][    ]
[1072][8532][0][ 0]  [    ][    ][    ][  ][     ][    ]
[1073][8534][0][32]  [FIRE][    ][    ][  ][     ][    ]
[1074][8543][0][34]  [FIRE][    ][    ][  ][RIGHT][    ]
[1075][8550][0][32]  [FIRE][    ][    ][  ][     ][    ]
[1076][8551][0][33]  [FIRE][    ][    ][  ][     ][LEFT]
[1077][8573][0][32]  [FIRE][    ][    ][  ][     ][    ]
[1078][8589][0][34]  [FIRE][    ][    ][  ][RIGHT][    ]
[1079][8594][0][32]  [FIRE][    ][    ][  ][     ][    ]
[1080][8604][0][48]  [FIRE][JUMP][    ][  ][     ][    ]
[1081][8609][0][52]  [FIRE][JUMP][    ][UP][     ][    ]
[1082][8615][0][20]  [    ][JUMP][    ][UP][     ][    ]
[1083][8621][0][ 4]  [    ][    ][    ][UP][     ][    ]
[1084][8625][0][ 0]  [    ][    ][    ][  ][     ][    ]
[1085][8690][0][ 2]  [    ][    ][    ][  ][RIGHT][    ]
[1086][8699][0][ 0]  [    ][    ][    ][  ][     ][    ]
[1087][8703][0][ 1]  [    ][    ][    ][  ][     ][LEFT]
[1088][8709][0][ 0]  [    ][    ][    ][  ][     ][    ]
[1089][8758][0][ 1]  [    ][    ][    ][  ][     ][LEFT]
[1090][8763][0][ 0]  [    ][    ][    ][  ][     ][    ]
[1091][8796][0][16]  [    ][JUMP][    ][  ][     ][    ]
[1092][8826][0][ 0]  [    ][    ][    ][  ][     ][    ]
[1093][8828][0][ 2]  [    ][    ][    ][  ][RIGHT][    ]
[1094][8884][0][18]  [    ][JUMP][    ][  ][RIGHT][    ]
[1095][8892][0][ 2]  [    ][    ][    ][  ][RIGHT][    ]
[1096][8916][0][34]  [FIRE][    ][    ][  ][RIGHT][    ]
[1097][8922][0][50]  [FIRE][JUMP][    ][  ][RIGHT][    ]
[1098][8942][0][ 2]  [    ][    ][    ][  ][RIGHT][    ]
[1099][8975][0][34]  [FIRE][    ][    ][  ][RIGHT][    ]
[1100][8977][0][32]  [FIRE][    ][    ][  ][     ][    ]
[1101][8987][0][33]  [FIRE][    ][    ][  ][     ][LEFT]
[1102][8998][0][32]  [FIRE][    ][    ][  ][     ][    ]
[1103][9002][0][48]  [FIRE][JUMP][    ][  ][     ][    ]
[1104][9010][0][56]  [FIRE][JUMP][DOWN][  ][     ][    ]
[1105][9017][0][24]  [    ][JUMP][DOWN][  ][     ][    ]
[1106][9018][0][16]  [    ][JUMP][    ][  ][     ][    ]
[1107][9019][0][ 0]  [    ][    ][    ][  ][     ][    ]
[1108][9041][0][ 2]  [    ][    ][    ][  ][RIGHT][    ]
[1109][9076][0][18]  [    ][JUMP][    ][  ][RIGHT][    ]
[1110][9106][0][ 0]  [    ][    ][    ][  ][     ][    ]
[1111][9215][0][ 2]  [    ][    ][    ][  ][RIGHT][    ]
[1112][9227][0][18]  [    ][JUMP][    ][  ][RIGHT][    ]
[1113][9233][0][ 2]  [    ][    ][    ][  ][RIGHT][    ]
[1114][9254][0][18]  [    ][JUMP][    ][  ][RIGHT][    ]
[1115][9260][0][ 2]  [    ][    ][    ][  ][RIGHT][    ]
[1116][9277][0][18]  [    ][JUMP][    ][  ][RIGHT][    ]
[1117][9286][0][ 2]  [    ][    ][    ][  ][RIGHT][    ]
[1118][9301][0][18]  [    ][JUMP][    ][  ][RIGHT][    ]
[1119][9311][0][ 2]  [    ][    ][    ][  ][RIGHT][    ]
[1120][9329][0][18]  [    ][JUMP][    ][  ][RIGHT][    ]
[1121][9336][0][ 2]  [    ][    ][    ][  ][RIGHT][    ]
[1122][9352][0][18]  [    ][JUMP][    ][  ][RIGHT][    ]
[1123][9361][0][ 2]  [    ][    ][    ][  ][RIGHT][    ]
[1124][9382][0][18]  [    ][JUMP][    ][  ][RIGHT][    ]
[1125][9392][0][ 2]  [    ][    ][    ][  ][RIGHT][    ]
[1126][9415][0][ 0]  [    ][    ][    ][  ][     ][    ]
[1127][9417][0][16]  [    ][JUMP][    ][  ][     ][    ]
[1128][9427][0][17]  [    ][JUMP][    ][  ][     ][LEFT]
[1129][9436][0][ 1]  [    ][    ][    ][  ][     ][LEFT]
[1130][9440]-------------LEVEL DONE 1 ---------------- 
[1131][9520]-------------LEVEL DONE 2 ---------------- 
[1132][10240]-------------NEXT LEVEL!------------------ 
[1133][9528]-------------PLAYER 0 ACKNOWLEDGE------ 
[1134][9529]-------------NEXT LEVEL!------------------ 
