number of entries 573
deathmatch_pbullets 1
deathmatch_pbullets_damage 5
suicide_pbullets 1
[ gm][  pc][p][cm]
[  0][   0]-------------START (level:95)------------- 
[  1][   0]-------------PLAYER 0 ACTIVE (color:8)-- 
[  2][  54][0][ 1]  [    ][    ][    ][  ][     ][LEFT]
[  3][  74][0][ 0]  [    ][    ][    ][  ][     ][    ]
[  4][  75][0][ 2]  [    ][    ][    ][  ][RIGHT][    ]
[  5][  85][0][ 0]  [    ][    ][    ][  ][     ][    ]
[  6][  89][0][16]  [    ][JUMP][    ][  ][     ][    ]
[  7][  90][0][18]  [    ][JUMP][    ][  ][RIGHT][    ]
[  8][ 114][0][ 2]  [    ][    ][    ][  ][RIGHT][    ]
[  9][ 117][0][ 0]  [    ][    ][    ][  ][     ][    ]
[ 10][ 120][0][ 1]  [    ][    ][    ][  ][     ][LEFT]
[ 11][ 125][0][ 0]  [    ][    ][    ][  ][     ][    ]
[ 12][ 127][0][ 2]  [    ][    ][    ][  ][RIGHT][    ]
[ 13][ 135][0][18]  [    ][JUMP][    ][  ][RIGHT][    ]
[ 14][ 137][0][16]  [    ][JUMP][    ][  ][     ][    ]
[ 15][ 141][0][17]  [    ][JUMP][    ][  ][     ][LEFT]
[ 16][ 171][0][ 1]  [    ][    ][    ][  ][     ][LEFT]
[ 17][ 172][0][ 0]  [    ][    ][    ][  ][     ][    ]
[ 18][ 187][0][16]  [    ][JUMP][    ][  ][     ][    ]
[ 19][ 188][0][18]  [    ][JUMP][    ][  ][RIGHT][    ]
[ 20][ 212][0][ 2]  [    ][    ][    ][  ][RIGHT][    ]
[ 21][ 218][0][ 0]  [    ][    ][    ][  ][     ][    ]
[ 22][ 220][0][ 1]  [    ][    ][    ][  ][     ][LEFT]
[ 23][ 231][0][17]  [    ][JUMP][    ][  ][     ][LEFT]
[ 24][ 235][0][16]  [    ][JUMP][    ][  ][     ][    ]
[ 25][ 245][0][17]  [    ][JUMP][    ][  ][     ][LEFT]
[ 26][ 260][0][ 1]  [    ][    ][    ][  ][     ][LEFT]
[ 27][ 261][0][ 0]  [    ][    ][    ][  ][     ][    ]
[ 28][ 262][0][ 2]  [    ][    ][    ][  ][RIGHT][    ]
[ 29][ 276][0][ 0]  [    ][    ][    ][  ][     ][    ]
[ 30][ 277][0][ 1]  [    ][    ][    ][  ][     ][LEFT]
[ 31][ 281][0][ 0]  [    ][    ][    ][  ][     ][    ]
[ 32][ 282][0][ 2]  [    ][    ][    ][  ][RIGHT][    ]
[ 33][ 308][0][18]  [    ][JUMP][    ][  ][RIGHT][    ]
[ 34][ 325][0][ 2]  [    ][    ][    ][  ][RIGHT][    ]
[ 35][ 345][0][18]  [    ][JUMP][    ][  ][RIGHT][    ]
[ 36][ 367][0][ 2]  [    ][    ][    ][  ][RIGHT][    ]
[ 37][ 370][0][ 0]  [    ][    ][    ][  ][     ][    ]
[ 38][ 376][0][ 2]  [    ][    ][    ][  ][RIGHT][    ]
[ 39][ 390][0][ 0]  [    ][    ][    ][  ][     ][    ]
[ 40][1052][0][17]  [    ][JUMP][    ][  ][     ][LEFT]
[ 41][1059][0][16]  [    ][JUMP][    ][  ][     ][    ]
[ 42][1060][0][22]  [    ][JUMP][    ][UP][RIGHT][    ]
[ 43][1061][0][ 6]  [    ][    ][    ][UP][RIGHT][    ]
[ 44][1065][0][ 4]  [    ][    ][    ][UP][     ][    ]
[ 45][1067][0][ 0]  [    ][    ][    ][  ][     ][    ]
[ 46][1071][0][ 6]  [    ][    ][    ][UP][RIGHT][    ]
[ 47][1074][0][ 4]  [    ][    ][    ][UP][     ][    ]
[ 48][1075][0][ 0]  [    ][    ][    ][  ][     ][    ]
[ 49][1081][0][ 1]  [    ][    ][    ][  ][     ][LEFT]
[ 50][1082][0][17]  [    ][JUMP][    ][  ][     ][LEFT]
[ 51][1085][0][48]  [FIRE][JUMP][    ][  ][     ][    ]
[ 52][1093][0][16]  [    ][JUMP][    ][  ][     ][    ]
[ 53][1096][0][ 0]  [    ][    ][    ][  ][     ][    ]
[ 54][1106][0][ 1]  [    ][    ][    ][  ][     ][LEFT]
[ 55][1110][0][ 0]  [    ][    ][    ][  ][     ][    ]
[ 56][1116][0][ 2]  [    ][    ][    ][  ][RIGHT][    ]
[ 57][1118][0][18]  [    ][JUMP][    ][  ][RIGHT][    ]
[ 58][1131][0][ 2]  [    ][    ][    ][  ][RIGHT][    ]
[ 59][1132][0][ 0]  [    ][    ][    ][  ][     ][    ]
[ 60][1145][0][ 1]  [    ][    ][    ][  ][     ][LEFT]
[ 61][1148][0][ 0]  [    ][    ][    ][  ][     ][    ]
[ 62][1201][0][ 2]  [    ][    ][    ][  ][RIGHT][    ]
[ 63][1207][0][ 0]  [    ][    ][    ][  ][     ][    ]
[ 64][1209][0][16]  [    ][JUMP][    ][  ][     ][    ]
[ 65][1211][0][18]  [    ][JUMP][    ][  ][RIGHT][    ]
[ 66][1228][0][ 2]  [    ][    ][    ][  ][RIGHT][    ]
[ 67][1253][0][18]  [    ][JUMP][    ][  ][RIGHT][    ]
[ 68][1262][0][ 2]  [    ][    ][    ][  ][RIGHT][    ]
[ 69][1290][0][ 0]  [    ][    ][    ][  ][     ][    ]
[ 70][1317][0][ 2]  [    ][    ][    ][  ][RIGHT][    ]
[ 71][1319][0][ 0]  [    ][    ][    ][  ][     ][    ]
[ 72][1377][0][ 2]  [    ][    ][    ][  ][RIGHT][    ]
[ 73][1388][0][ 0]  [    ][    ][    ][  ][     ][    ]
[ 74][1410][0][ 2]  [    ][    ][    ][  ][RIGHT][    ]
[ 75][1426][0][ 0]  [    ][    ][    ][  ][     ][    ]
[ 76][1443][0][ 1]  [    ][    ][    ][  ][     ][LEFT]
[ 77][1459][0][ 0]  [    ][    ][    ][  ][     ][    ]
[ 78][1619][0][ 2]  [    ][    ][    ][  ][RIGHT][    ]
[ 79][1627][0][18]  [    ][JUMP][    ][  ][RIGHT][    ]
[ 80][1637][0][ 2]  [    ][    ][    ][  ][RIGHT][    ]
[ 81][1660][0][18]  [    ][JUMP][    ][  ][RIGHT][    ]
[ 82][1668][0][ 2]  [    ][    ][    ][  ][RIGHT][    ]
[ 83][1691][0][18]  [    ][JUMP][    ][  ][RIGHT][    ]
[ 84][1698][0][ 2]  [    ][    ][    ][  ][RIGHT][    ]
[ 85][1719][0][18]  [    ][JUMP][    ][  ][RIGHT][    ]
[ 86][1724][0][ 2]  [    ][    ][    ][  ][RIGHT][    ]
[ 87][1749][0][18]  [    ][JUMP][    ][  ][RIGHT][    ]
[ 88][1756][0][ 2]  [    ][    ][    ][  ][RIGHT][    ]
[ 89][1779][0][18]  [    ][JUMP][    ][  ][RIGHT][    ]
[ 90][1787][0][ 2]  [    ][    ][    ][  ][RIGHT][    ]
[ 91][1818][0][ 0]  [    ][    ][    ][  ][     ][    ]
[ 92][1843][0][ 1]  [    ][    ][    ][  ][     ][LEFT]
[ 93][1850][0][ 0]  [    ][    ][    ][  ][     ][    ]
[ 94][1854][0][ 2]  [    ][    ][    ][  ][RIGHT][    ]
[ 95][1859][0][18]  [    ][JUMP][    ][  ][RIGHT][    ]
[ 96][1874][0][ 2]  [    ][    ][    ][  ][RIGHT][    ]
[ 97][1909][0][ 0]  [    ][    ][    ][  ][     ][    ]
[ 98][1974][0][ 2]  [    ][    ][    ][  ][RIGHT][    ]
[ 99][1986][0][ 0]  [    ][    ][    ][  ][     ][    ]
[100][2002][0][ 2]  [    ][    ][    ][  ][RIGHT][    ]
[101][2033][0][ 0]  [    ][    ][    ][  ][     ][    ]
[102][2034][0][ 1]  [    ][    ][    ][  ][     ][LEFT]
[103][2046][0][32]  [FIRE][    ][    ][  ][     ][    ]
[104][2050][0][ 0]  [    ][    ][    ][  ][     ][    ]
[105][2055][0][32]  [FIRE][    ][    ][  ][     ][    ]
[106][2057][0][ 0]  [    ][    ][    ][  ][     ][    ]
[107][2062][0][32]  [FIRE][    ][    ][  ][     ][    ]
[108][2064][0][33]  [FIRE][    ][    ][  ][     ][LEFT]
[109][2066][0][ 1]  [    ][    ][    ][  ][     ][LEFT]
[110][2071][0][33]  [FIRE][    ][    ][  ][     ][LEFT]
[111][2074][0][ 1]  [    ][    ][    ][  ][     ][LEFT]
[112][2075][0][ 0]  [    ][    ][    ][  ][     ][    ]
[113][2078][0][32]  [FIRE][    ][    ][  ][     ][    ]
[114][2082][0][ 0]  [    ][    ][    ][  ][     ][    ]
[115][2090][0][ 1]  [    ][    ][    ][  ][     ][LEFT]
[116][2119][0][ 0]  [    ][    ][    ][  ][     ][    ]
[117][2121][0][ 2]  [    ][    ][    ][  ][RIGHT][    ]
[118][2168][0][ 0]  [    ][    ][    ][  ][     ][    ]
[119][2201][0][ 1]  [    ][    ][    ][  ][     ][LEFT]
[120][2204][0][17]  [    ][JUMP][    ][  ][     ][LEFT]
[121][2206][0][16]  [    ][JUMP][    ][  ][     ][    ]
[122][2218][0][17]  [    ][JUMP][    ][  ][     ][LEFT]
[123][2234][0][ 1]  [    ][    ][    ][  ][     ][LEFT]
[124][2258][0][17]  [    ][JUMP][    ][  ][     ][LEFT]
[125][2266][0][16]  [    ][JUMP][    ][  ][     ][    ]
[126][2282][0][ 1]  [    ][    ][    ][  ][     ][LEFT]
[127][2289][0][ 0]  [    ][    ][    ][  ][     ][    ]
[128][2291][0][ 2]  [    ][    ][    ][  ][RIGHT][    ]
[129][2296][0][ 0]  [    ][    ][    ][  ][     ][    ]
[130][2325][0][ 2]  [    ][    ][    ][  ][RIGHT][    ]
[131][2335][0][ 0]  [    ][    ][    ][  ][     ][    ]
[132][2360][0][ 2]  [    ][    ][    ][  ][RIGHT][    ]
[133][2364][0][ 0]  [    ][    ][    ][  ][     ][    ]
[134][2462][0][ 2]  [    ][    ][    ][  ][RIGHT][    ]
[135][2470][0][18]  [    ][JUMP][    ][  ][RIGHT][    ]
[136][2471][0][16]  [    ][JUMP][    ][  ][     ][    ]
[137][2477][0][ 2]  [    ][    ][    ][  ][RIGHT][    ]
[138][2486][0][ 0]  [    ][    ][    ][  ][     ][    ]
[139][2491][0][ 1]  [    ][    ][    ][  ][     ][LEFT]
[140][2499][0][ 0]  [    ][    ][    ][  ][     ][    ]
[141][2513][0][16]  [    ][JUMP][    ][  ][     ][    ]
[142][2517][0][18]  [    ][JUMP][    ][  ][RIGHT][    ]
[143][2545][0][ 2]  [    ][    ][    ][  ][RIGHT][    ]
[144][2553][0][ 0]  [    ][    ][    ][  ][     ][    ]
[145][2557][0][16]  [    ][JUMP][    ][  ][     ][    ]
[146][2563][0][18]  [    ][JUMP][    ][  ][RIGHT][    ]
[147][2588][0][ 2]  [    ][    ][    ][  ][RIGHT][    ]
[148][2590][0][ 0]  [    ][    ][    ][  ][     ][    ]
[149][2598][0][ 2]  [    ][    ][    ][  ][RIGHT][    ]
[150][2601][0][18]  [    ][JUMP][    ][  ][RIGHT][    ]
[151][2618][0][50]  [FIRE][JUMP][    ][  ][RIGHT][    ]
[152][2619][0][34]  [FIRE][    ][    ][  ][RIGHT][    ]
[153][2620][0][32]  [FIRE][    ][    ][  ][     ][    ]
[154][2622][0][ 0]  [    ][    ][    ][  ][     ][    ]
[155][2627][0][32]  [FIRE][    ][    ][  ][     ][    ]
[156][2630][0][ 0]  [    ][    ][    ][  ][     ][    ]
[157][2634][0][32]  [FIRE][    ][    ][  ][     ][    ]
[158][2638][0][ 0]  [    ][    ][    ][  ][     ][    ]
[159][2656][0][16]  [    ][JUMP][    ][  ][     ][    ]
[160][2675][0][17]  [    ][JUMP][    ][  ][     ][LEFT]
[161][2676][0][49]  [FIRE][JUMP][    ][  ][     ][LEFT]
[162][2678][0][33]  [FIRE][    ][    ][  ][     ][LEFT]
[163][2680][0][32]  [FIRE][    ][    ][  ][     ][    ]
[164][2681][0][ 0]  [    ][    ][    ][  ][     ][    ]
[165][2685][0][32]  [FIRE][    ][    ][  ][     ][    ]
[166][2689][0][ 0]  [    ][    ][    ][  ][     ][    ]
[167][2702][0][16]  [    ][JUMP][    ][  ][     ][    ]
[168][2724][0][48]  [FIRE][JUMP][    ][  ][     ][    ]
[169][2726][0][32]  [FIRE][    ][    ][  ][     ][    ]
[170][2731][0][ 0]  [    ][    ][    ][  ][     ][    ]
[171][2751][0][16]  [    ][JUMP][    ][  ][     ][    ]
[172][2773][0][48]  [FIRE][JUMP][    ][  ][     ][    ]
[173][2775][0][32]  [FIRE][    ][    ][  ][     ][    ]
[174][2781][0][ 0]  [    ][    ][    ][  ][     ][    ]
[175][2792][0][ 2]  [    ][    ][    ][  ][RIGHT][    ]
[176][2798][0][32]  [FIRE][    ][    ][  ][     ][    ]
[177][2801][0][ 0]  [    ][    ][    ][  ][     ][    ]
[178][2802][0][ 1]  [    ][    ][    ][  ][     ][LEFT]
[179][2807][0][33]  [FIRE][    ][    ][  ][     ][LEFT]
[180][2814][0][ 1]  [    ][    ][    ][  ][     ][LEFT]
[181][2831][0][ 2]  [    ][    ][    ][  ][RIGHT][    ]
[182][2833][0][34]  [FIRE][    ][    ][  ][RIGHT][    ]
[183][2835][0][32]  [FIRE][    ][    ][  ][     ][    ]
[184][2837][0][ 0]  [    ][    ][    ][  ][     ][    ]
[185][2841][0][32]  [FIRE][    ][    ][  ][     ][    ]
[186][2844][0][ 0]  [    ][    ][    ][  ][     ][    ]
[187][2846][0][ 1]  [    ][    ][    ][  ][     ][LEFT]
[188][2848][0][33]  [FIRE][    ][    ][  ][     ][LEFT]
[189][2852][0][ 1]  [    ][    ][    ][  ][     ][LEFT]
[190][2855][0][17]  [    ][JUMP][    ][  ][     ][LEFT]
[191][2881][0][16]  [    ][JUMP][    ][  ][     ][    ]
[192][2883][0][18]  [    ][JUMP][    ][  ][RIGHT][    ]
[193][2889][0][ 2]  [    ][    ][    ][  ][RIGHT][    ]
[194][2892][0][ 0]  [    ][    ][    ][  ][     ][    ]
[195][2918][0][32]  [FIRE][    ][    ][  ][     ][    ]
[196][2922][0][ 0]  [    ][    ][    ][  ][     ][    ]
[197][2926][0][32]  [FIRE][    ][    ][  ][     ][    ]
[198][2929][0][ 0]  [    ][    ][    ][  ][     ][    ]
[199][2933][0][32]  [FIRE][    ][    ][  ][     ][    ]
[200][2935][0][34]  [FIRE][    ][    ][  ][RIGHT][    ]
[201][2941][0][ 2]  [    ][    ][    ][  ][RIGHT][    ]
[202][2944][0][18]  [    ][JUMP][    ][  ][RIGHT][    ]
[203][2964][0][ 2]  [    ][    ][    ][  ][RIGHT][    ]
[204][2972][0][18]  [    ][JUMP][    ][  ][RIGHT][    ]
[205][2990][0][ 2]  [    ][    ][    ][  ][RIGHT][    ]
[206][2994][0][ 0]  [    ][    ][    ][  ][     ][    ]
[207][3003][0][ 2]  [    ][    ][    ][  ][RIGHT][    ]
[208][3010][0][18]  [    ][JUMP][    ][  ][RIGHT][    ]
[209][3026][0][ 2]  [    ][    ][    ][  ][RIGHT][    ]
[210][3042][0][ 0]  [    ][    ][    ][  ][     ][    ]
[211][3070][0][ 1]  [    ][    ][    ][  ][     ][LEFT]
[212][3074][0][ 0]  [    ][    ][    ][  ][     ][    ]
[213][3080][0][ 1]  [    ][    ][    ][  ][     ][LEFT]
[214][3090][0][ 0]  [    ][    ][    ][  ][     ][    ]
[215][3127][0][ 1]  [    ][    ][    ][  ][     ][LEFT]
[216][3135][0][17]  [    ][JUMP][    ][  ][     ][LEFT]
[217][3148][0][ 1]  [    ][    ][    ][  ][     ][LEFT]
[218][3197][0][ 0]  [    ][    ][    ][  ][     ][    ]
[219][3313][0][16]  [    ][JUMP][    ][  ][     ][    ]
[220][3335][0][ 0]  [    ][    ][    ][  ][     ][    ]
[221][3378][0][16]  [    ][JUMP][    ][  ][     ][    ]
[222][3385][0][17]  [    ][JUMP][    ][  ][     ][LEFT]
[223][3389][0][ 1]  [    ][    ][    ][  ][     ][LEFT]
[224][3394][0][ 0]  [    ][    ][    ][  ][     ][    ]
[225][3399][0][ 1]  [    ][    ][    ][  ][     ][LEFT]
[226][3406][0][ 0]  [    ][    ][    ][  ][     ][    ]
[227][3420][0][ 1]  [    ][    ][    ][  ][     ][LEFT]
[228][3465][0][ 0]  [    ][    ][    ][  ][     ][    ]
[229][3471][0][ 2]  [    ][    ][    ][  ][RIGHT][    ]
[230][3477][0][ 0]  [    ][    ][    ][  ][     ][    ]
[231][3528][0][16]  [    ][JUMP][    ][  ][     ][    ]
[232][3540][0][48]  [FIRE][JUMP][    ][  ][     ][    ]
[233][3542][0][50]  [FIRE][JUMP][    ][  ][RIGHT][    ]
[234][3544][0][34]  [FIRE][    ][    ][  ][RIGHT][    ]
[235][3548][0][ 2]  [    ][    ][    ][  ][RIGHT][    ]
[236][3550][0][ 0]  [    ][    ][    ][  ][     ][    ]
[237][3552][0][16]  [    ][JUMP][    ][  ][     ][    ]
[238][3553][0][48]  [FIRE][JUMP][    ][  ][     ][    ]
[239][3556][0][36]  [FIRE][    ][    ][UP][     ][    ]
[240][3560][0][20]  [    ][JUMP][    ][UP][     ][    ]
[241][3561][0][16]  [    ][JUMP][    ][  ][     ][    ]
[242][3562][0][17]  [    ][JUMP][    ][  ][     ][LEFT]
[243][3565][0][49]  [FIRE][JUMP][    ][  ][     ][LEFT]
[244][3566][0][37]  [FIRE][    ][    ][UP][     ][LEFT]
[245][3568][0][36]  [FIRE][    ][    ][UP][     ][    ]
[246][3570][0][52]  [FIRE][JUMP][    ][UP][     ][    ]
[247][3571][0][21]  [    ][JUMP][    ][UP][     ][LEFT]
[248][3574][0][17]  [    ][JUMP][    ][  ][     ][LEFT]
[249][3577][0][ 1]  [    ][    ][    ][  ][     ][LEFT]
[250][3578][0][ 0]  [    ][    ][    ][  ][     ][    ]
[251][3597][0][16]  [    ][JUMP][    ][  ][     ][    ]
[252][3612][0][17]  [    ][JUMP][    ][  ][     ][LEFT]
[253][3617][0][ 1]  [    ][    ][    ][  ][     ][LEFT]
[254][3619][0][ 0]  [    ][    ][    ][  ][     ][    ]
[255][3622][0][ 4]  [    ][    ][    ][UP][     ][    ]
[256][3625][0][37]  [FIRE][    ][    ][UP][     ][LEFT]
[257][3626][0][33]  [FIRE][    ][    ][  ][     ][LEFT]
[258][3628][0][ 1]  [    ][    ][    ][  ][     ][LEFT]
[259][3630][0][17]  [    ][JUMP][    ][  ][     ][LEFT]
[260][3632][0][20]  [    ][JUMP][    ][UP][     ][    ]
[261][3633][0][52]  [FIRE][JUMP][    ][UP][     ][    ]
[262][3634][0][54]  [FIRE][JUMP][    ][UP][RIGHT][    ]
[263][3638][0][38]  [FIRE][    ][    ][UP][RIGHT][    ]
[264][3641][0][52]  [FIRE][JUMP][    ][UP][     ][    ]
[265][3642][0][16]  [    ][JUMP][    ][  ][     ][    ]
[266][3644][0][17]  [    ][JUMP][    ][  ][     ][LEFT]
[267][3648][0][ 4]  [    ][    ][    ][UP][     ][    ]
[268][3650][0][ 6]  [    ][    ][    ][UP][RIGHT][    ]
[269][3651][0][ 4]  [    ][    ][    ][UP][     ][    ]
[270][3654][0][ 0]  [    ][    ][    ][  ][     ][    ]
[271][3658][0][ 2]  [    ][    ][    ][  ][RIGHT][    ]
[272][3662][0][ 0]  [    ][    ][    ][  ][     ][    ]
[273][3664][0][ 1]  [    ][    ][    ][  ][     ][LEFT]
[274][3719][0][ 0]  [    ][    ][    ][  ][     ][    ]
[275][3765][0][ 1]  [    ][    ][    ][  ][     ][LEFT]
[276][3774][0][ 0]  [    ][    ][    ][  ][     ][    ]
[277][3778][0][ 2]  [    ][    ][    ][  ][RIGHT][    ]
[278][3788][0][ 0]  [    ][    ][    ][  ][     ][    ]
[279][3793][0][ 1]  [    ][    ][    ][  ][     ][LEFT]
[280][3799][0][ 0]  [    ][    ][    ][  ][     ][    ]
[281][3805][0][16]  [    ][JUMP][    ][  ][     ][    ]
[282][3813][0][ 0]  [    ][    ][    ][  ][     ][    ]
[283][3818][0][ 2]  [    ][    ][    ][  ][RIGHT][    ]
[284][3822][0][ 1]  [    ][    ][    ][  ][     ][LEFT]
[285][3827][0][ 2]  [    ][    ][    ][  ][RIGHT][    ]
[286][3833][0][ 1]  [    ][    ][    ][  ][     ][LEFT]
[287][3838][0][17]  [    ][JUMP][    ][  ][     ][LEFT]
[288][3840][0][16]  [    ][JUMP][    ][  ][     ][    ]
[289][3850][0][ 1]  [    ][    ][    ][  ][     ][LEFT]
[290][3881][0][17]  [    ][JUMP][    ][  ][     ][LEFT]
[291][3886][0][20]  [    ][JUMP][    ][UP][     ][    ]
[292][3891][0][53]  [FIRE][JUMP][    ][UP][     ][LEFT]
[293][3892][0][33]  [FIRE][    ][    ][  ][     ][LEFT]
[294][3895][0][36]  [FIRE][    ][    ][UP][     ][    ]
[295][3897][0][ 4]  [    ][    ][    ][UP][     ][    ]
[296][3901][0][36]  [FIRE][    ][    ][UP][     ][    ]
[297][3904][0][ 4]  [    ][    ][    ][UP][     ][    ]
[298][3905][0][ 6]  [    ][    ][    ][UP][RIGHT][    ]
[299][3908][0][ 4]  [    ][    ][    ][UP][     ][    ]
[300][3909][0][36]  [FIRE][    ][    ][UP][     ][    ]
[301][3912][0][ 4]  [    ][    ][    ][UP][     ][    ]
[302][3915][0][ 6]  [    ][    ][    ][UP][RIGHT][    ]
[303][3918][0][38]  [FIRE][    ][    ][UP][RIGHT][    ]
[304][3922][0][ 4]  [    ][    ][    ][UP][     ][    ]
[305][3923][0][ 0]  [    ][    ][    ][  ][     ][    ]
[306][3925][0][ 1]  [    ][    ][    ][  ][     ][LEFT]
[307][3930][0][ 0]  [    ][    ][    ][  ][     ][    ]
[308][3931][0][16]  [    ][JUMP][    ][  ][     ][    ]
[309][3939][0][18]  [    ][JUMP][    ][  ][RIGHT][    ]
[310][3945][0][20]  [    ][JUMP][    ][UP][     ][    ]
[311][3946][0][36]  [FIRE][    ][    ][UP][     ][    ]
[312][3952][0][ 4]  [    ][    ][    ][UP][     ][    ]
[313][3957][0][38]  [FIRE][    ][    ][UP][RIGHT][    ]
[314][3961][0][ 6]  [    ][    ][    ][UP][RIGHT][    ]
[315][3962][0][ 4]  [    ][    ][    ][UP][     ][    ]
[316][3966][0][36]  [FIRE][    ][    ][UP][     ][    ]
[317][3970][0][ 4]  [    ][    ][    ][UP][     ][    ]
[318][3974][0][36]  [FIRE][    ][    ][UP][     ][    ]
[319][3978][0][ 4]  [    ][    ][    ][UP][     ][    ]
[320][3982][0][36]  [FIRE][    ][    ][UP][     ][    ]
[321][3984][0][37]  [FIRE][    ][    ][UP][     ][LEFT]
[322][3986][0][ 5]  [    ][    ][    ][UP][     ][LEFT]
[323][3991][0][37]  [FIRE][    ][    ][UP][     ][LEFT]
[324][3994][0][33]  [FIRE][    ][    ][  ][     ][LEFT]
[325][3995][0][ 1]  [    ][    ][    ][  ][     ][LEFT]
[326][3996][0][ 0]  [    ][    ][    ][  ][     ][    ]
[327][4004][0][ 4]  [    ][    ][    ][UP][     ][    ]
[328][4005][0][36]  [FIRE][    ][    ][UP][     ][    ]
[329][4009][0][ 4]  [    ][    ][    ][UP][     ][    ]
[330][4010][0][ 5]  [    ][    ][    ][UP][     ][LEFT]
[331][4012][0][ 4]  [    ][    ][    ][UP][     ][    ]
[332][4014][0][36]  [FIRE][    ][    ][UP][     ][    ]
[333][4018][0][ 4]  [    ][    ][    ][UP][     ][    ]
[334][4022][0][36]  [FIRE][    ][    ][UP][     ][    ]
[335][4023][0][38]  [FIRE][    ][    ][UP][RIGHT][    ]
[336][4026][0][ 6]  [    ][    ][    ][UP][RIGHT][    ]
[337][4033][0][ 4]  [    ][    ][    ][UP][     ][    ]
[338][4034][0][ 0]  [    ][    ][    ][  ][     ][    ]
[339][4041][0][16]  [    ][JUMP][    ][  ][     ][    ]
[340][4056][0][ 0]  [    ][    ][    ][  ][     ][    ]
[341][4067][0][ 2]  [    ][    ][    ][  ][RIGHT][    ]
[342][4073][0][ 0]  [    ][    ][    ][  ][     ][    ]
[343][4076][0][49]  [FIRE][JUMP][    ][  ][     ][LEFT]
[344][4085][0][48]  [FIRE][JUMP][    ][  ][     ][    ]
[345][4087][0][ 0]  [    ][    ][    ][  ][     ][    ]
[346][4097][0][ 1]  [    ][    ][    ][  ][     ][LEFT]
[347][4103][0][ 0]  [    ][    ][    ][  ][     ][    ]
[348][4106][0][48]  [FIRE][JUMP][    ][  ][     ][    ]
[349][4108][0][49]  [FIRE][JUMP][    ][  ][     ][LEFT]
[350][4117][0][ 1]  [    ][    ][    ][  ][     ][LEFT]
[351][4124][0][ 0]  [    ][    ][    ][  ][     ][    ]
[352][4130][0][ 1]  [    ][    ][    ][  ][     ][LEFT]
[353][4142][0][ 0]  [    ][    ][    ][  ][     ][    ]
[354][4147][0][ 2]  [    ][    ][    ][  ][RIGHT][    ]
[355][4152][0][ 3]  [    ][    ][    ][  ][RIGHT][LEFT]
[356][4153][0][ 1]  [    ][    ][    ][  ][     ][LEFT]
[357][4156][0][ 0]  [    ][    ][    ][  ][     ][    ]
[358][4157][0][ 2]  [    ][    ][    ][  ][RIGHT][    ]
[359][4161][0][ 3]  [    ][    ][    ][  ][RIGHT][LEFT]
[360][4162][0][ 1]  [    ][    ][    ][  ][     ][LEFT]
[361][4167][0][ 2]  [    ][    ][    ][  ][RIGHT][    ]
[362][4170][0][ 1]  [    ][    ][    ][  ][     ][LEFT]
[363][4183][0][ 0]  [    ][    ][    ][  ][     ][    ]
[364][4185][0][ 2]  [    ][    ][    ][  ][RIGHT][    ]
[365][4196][0][ 0]  [    ][    ][    ][  ][     ][    ]
[366][4199][0][ 1]  [    ][    ][    ][  ][     ][LEFT]
[367][4211][0][49]  [FIRE][JUMP][    ][  ][     ][LEFT]
[368][4215][0][48]  [FIRE][JUMP][    ][  ][     ][    ]
[369][4218][0][49]  [FIRE][JUMP][    ][  ][     ][LEFT]
[370][4222][0][ 1]  [    ][    ][    ][  ][     ][LEFT]
[371][4247][0][ 0]  [    ][    ][    ][  ][     ][    ]
[372][4252][0][ 2]  [    ][    ][    ][  ][RIGHT][    ]
[373][4259][0][ 0]  [    ][    ][    ][  ][     ][    ]
[374][4260][0][ 1]  [    ][    ][    ][  ][     ][LEFT]
[375][4265][0][ 2]  [    ][    ][    ][  ][RIGHT][    ]
[376][4269][0][ 1]  [    ][    ][    ][  ][     ][LEFT]
[377][4273][0][ 0]  [    ][    ][    ][  ][     ][    ]
[378][4274][0][ 2]  [    ][    ][    ][  ][RIGHT][    ]
[379][4279][0][ 1]  [    ][    ][    ][  ][     ][LEFT]
[380][4283][0][ 2]  [    ][    ][    ][  ][RIGHT][    ]
[381][4288][0][ 1]  [    ][    ][    ][  ][     ][LEFT]
[382][4293][0][ 2]  [    ][    ][    ][  ][RIGHT][    ]
[383][4298][0][ 3]  [    ][    ][    ][  ][RIGHT][LEFT]
[384][4299][0][ 1]  [    ][    ][    ][  ][     ][LEFT]
[385][4305][0][ 0]  [    ][    ][    ][  ][     ][    ]
[386][4306][0][ 2]  [    ][    ][    ][  ][RIGHT][    ]
[387][4311][0][ 1]  [    ][    ][    ][  ][     ][LEFT]
[388][4316][0][ 2]  [    ][    ][    ][  ][RIGHT][    ]
[389][4321][0][ 3]  [    ][    ][    ][  ][RIGHT][LEFT]
[390][4322][0][ 1]  [    ][    ][    ][  ][     ][LEFT]
[391][4327][0][ 0]  [    ][    ][    ][  ][     ][    ]
[392][4329][0][ 2]  [    ][    ][    ][  ][RIGHT][    ]
[393][4332][0][ 0]  [    ][    ][    ][  ][     ][    ]
[394][4333][0][ 1]  [    ][    ][    ][  ][     ][LEFT]
[395][4339][0][ 0]  [    ][    ][    ][  ][     ][    ]
[396][4450][0][ 1]  [    ][    ][    ][  ][     ][LEFT]
[397][4468][0][ 0]  [    ][    ][    ][  ][     ][    ]
[398][4487][0][ 1]  [    ][    ][    ][  ][     ][LEFT]
[399][4491][0][ 0]  [    ][    ][    ][  ][     ][    ]
[400][4494][0][16]  [    ][JUMP][    ][  ][     ][    ]
[401][4503][0][17]  [    ][JUMP][    ][  ][     ][LEFT]
[402][4510][0][ 1]  [    ][    ][    ][  ][     ][LEFT]
[403][4512][0][ 0]  [    ][    ][    ][  ][     ][    ]
[404][4524][0][ 2]  [    ][    ][    ][  ][RIGHT][    ]
[405][4556][0][ 0]  [    ][    ][    ][  ][     ][    ]
[406][4557][0][16]  [    ][JUMP][    ][  ][     ][    ]
[407][4566][0][17]  [    ][JUMP][    ][  ][     ][LEFT]
[408][4572][0][16]  [    ][JUMP][    ][  ][     ][    ]
[409][4575][0][ 0]  [    ][    ][    ][  ][     ][    ]
[410][4577][0][ 1]  [    ][    ][    ][  ][     ][LEFT]
[411][4581][0][ 0]  [    ][    ][    ][  ][     ][    ]
[412][4608][0][ 1]  [    ][    ][    ][  ][     ][LEFT]
[413][4615][0][ 0]  [    ][    ][    ][  ][     ][    ]
[414][4619][0][ 2]  [    ][    ][    ][  ][RIGHT][    ]
[415][4634][0][ 0]  [    ][    ][    ][  ][     ][    ]
[416][4648][0][ 2]  [    ][    ][    ][  ][RIGHT][    ]
[417][4656][0][ 0]  [    ][    ][    ][  ][     ][    ]
[418][4661][0][ 2]  [    ][    ][    ][  ][RIGHT][    ]
[419][4682][0][ 0]  [    ][    ][    ][  ][     ][    ]
[420][4750][0][ 1]  [    ][    ][    ][  ][     ][LEFT]
[421][4765][0][ 0]  [    ][    ][    ][  ][     ][    ]
[422][4800][0][ 2]  [    ][    ][    ][  ][RIGHT][    ]
[423][4814][0][ 0]  [    ][    ][    ][  ][     ][    ]
[424][4846][0][ 1]  [    ][    ][    ][  ][     ][LEFT]
[425][4883][0][ 0]  [    ][    ][    ][  ][     ][    ]
[426][4887][0][ 1]  [    ][    ][    ][  ][     ][LEFT]
[427][4894][0][17]  [    ][JUMP][    ][  ][     ][LEFT]
[428][4897][0][16]  [    ][JUMP][    ][  ][     ][    ]
[429][4904][0][17]  [    ][JUMP][    ][  ][     ][LEFT]
[430][4910][0][ 1]  [    ][    ][    ][  ][     ][LEFT]
[431][4911][0][ 0]  [    ][    ][    ][  ][     ][    ]
[432][4915][0][ 1]  [    ][    ][    ][  ][     ][LEFT]
[433][4919][0][ 0]  [    ][    ][    ][  ][     ][    ]
[434][4926][0][ 2]  [    ][    ][    ][  ][RIGHT][    ]
[435][4932][0][ 1]  [    ][    ][    ][  ][     ][LEFT]
[436][4942][0][17]  [    ][JUMP][    ][  ][     ][LEFT]
[437][4968][0][ 1]  [    ][    ][    ][  ][     ][LEFT]
[438][5022][0][ 0]  [    ][    ][    ][  ][     ][    ]
[439][5026][0][ 2]  [    ][    ][    ][  ][RIGHT][    ]
[440][5033][0][ 0]  [    ][    ][    ][  ][     ][    ]
[441][5048][0][ 1]  [    ][    ][    ][  ][     ][LEFT]
[442][5059][0][ 0]  [    ][    ][    ][  ][     ][    ]
[443][5060][0][ 2]  [    ][    ][    ][  ][RIGHT][    ]
[444][5065][0][ 1]  [    ][    ][    ][  ][     ][LEFT]
[445][5070][0][ 3]  [    ][    ][    ][  ][RIGHT][LEFT]
[446][5071][0][ 6]  [    ][    ][    ][UP][RIGHT][    ]
[447][5075][0][ 4]  [    ][    ][    ][UP][     ][    ]
[448][5076][0][ 1]  [    ][    ][    ][  ][     ][LEFT]
[449][5080][0][ 4]  [    ][    ][    ][UP][     ][    ]
[450][5082][0][ 6]  [    ][    ][    ][UP][RIGHT][    ]
[451][5083][0][ 4]  [    ][    ][    ][UP][     ][    ]
[452][5084][0][ 0]  [    ][    ][    ][  ][     ][    ]
[453][5086][0][ 1]  [    ][    ][    ][  ][     ][LEFT]
[454][5089][0][ 6]  [    ][    ][    ][UP][RIGHT][    ]
[455][5093][0][ 4]  [    ][    ][    ][UP][     ][    ]
[456][5094][0][ 1]  [    ][    ][    ][  ][     ][LEFT]
[457][5098][0][ 0]  [    ][    ][    ][  ][     ][    ]
[458][5099][0][ 6]  [    ][    ][    ][UP][RIGHT][    ]
[459][5102][0][ 4]  [    ][    ][    ][UP][     ][    ]
[460][5103][0][ 1]  [    ][    ][    ][  ][     ][LEFT]
[461][5107][0][ 6]  [    ][    ][    ][UP][RIGHT][    ]
[462][5111][0][ 4]  [    ][    ][    ][UP][     ][    ]
[463][5112][0][ 0]  [    ][    ][    ][  ][     ][    ]
[464][5114][0][ 1]  [    ][    ][    ][  ][     ][LEFT]
[465][5117][0][ 6]  [    ][    ][    ][UP][RIGHT][    ]
[466][5121][0][ 4]  [    ][    ][    ][UP][     ][    ]
[467][5122][0][ 1]  [    ][    ][    ][  ][     ][LEFT]
[468][5125][0][ 0]  [    ][    ][    ][  ][     ][    ]
[469][5126][0][ 6]  [    ][    ][    ][UP][RIGHT][    ]
[470][5130][0][ 1]  [    ][    ][    ][  ][     ][LEFT]
[471][5134][0][ 0]  [    ][    ][    ][  ][     ][    ]
[472][5135][0][ 6]  [    ][    ][    ][UP][RIGHT][    ]
[473][5139][0][ 0]  [    ][    ][    ][  ][     ][    ]
[474][5140][0][ 1]  [    ][    ][    ][  ][     ][LEFT]
[475][5144][0][ 4]  [    ][    ][    ][UP][     ][    ]
[476][5145][0][ 6]  [    ][    ][    ][UP][RIGHT][    ]
[477][5148][0][ 4]  [    ][    ][    ][UP][     ][    ]
[478][5149][0][ 1]  [    ][    ][    ][  ][     ][LEFT]
[479][5153][0][ 0]  [    ][    ][    ][  ][     ][    ]
[480][5154][0][ 6]  [    ][    ][    ][UP][RIGHT][    ]
[481][5158][0][ 0]  [    ][    ][    ][  ][     ][    ]
[482][5160][0][ 1]  [    ][    ][    ][  ][     ][LEFT]
[483][5162][0][ 0]  [    ][    ][    ][  ][     ][    ]
[484][5164][0][ 6]  [    ][    ][    ][UP][RIGHT][    ]
[485][5168][0][ 0]  [    ][    ][    ][  ][     ][    ]
[486][5218][0][ 1]  [    ][    ][    ][  ][     ][LEFT]
[487][5221][0][ 0]  [    ][    ][    ][  ][     ][    ]
[488][5373][0][ 1]  [    ][    ][    ][  ][     ][LEFT]
[489][5376][0][ 0]  [    ][    ][    ][  ][     ][    ]
[490][5421][0][16]  [    ][JUMP][    ][  ][     ][    ]
[491][5425][0][17]  [    ][JUMP][    ][  ][     ][LEFT]
[492][5428][0][ 1]  [    ][    ][    ][  ][     ][LEFT]
[493][5432][0][ 0]  [    ][    ][    ][  ][     ][    ]
[494][5437][0][ 1]  [    ][    ][    ][  ][     ][LEFT]
[495][5441][0][ 0]  [    ][    ][    ][  ][     ][    ]
[496][5447][0][ 2]  [    ][    ][    ][  ][RIGHT][    ]
[497][5497][0][ 0]  [    ][    ][    ][  ][     ][    ]
[498][5668][0][ 1]  [    ][    ][    ][  ][     ][LEFT]
[499][5708][0][ 0]  [    ][    ][    ][  ][     ][    ]
[500][5780][0][48]  [FIRE][JUMP][    ][  ][     ][    ]
[501][5784][0][52]  [FIRE][JUMP][    ][UP][     ][    ]
[502][5793][0][20]  [    ][JUMP][    ][UP][     ][    ]
[503][5794][0][ 4]  [    ][    ][    ][UP][     ][    ]
[504][5799][0][ 0]  [    ][    ][    ][  ][     ][    ]
[505][5816][0][16]  [    ][JUMP][    ][  ][     ][    ]
[506][5824][0][17]  [    ][JUMP][    ][  ][     ][LEFT]
[507][5836][0][ 1]  [    ][    ][    ][  ][     ][LEFT]
[508][5841][0][ 0]  [    ][    ][    ][  ][     ][    ]
[509][5847][0][ 2]  [    ][    ][    ][  ][RIGHT][    ]
[510][5851][0][ 0]  [    ][    ][    ][  ][     ][    ]
[511][5877][0][16]  [    ][JUMP][    ][  ][     ][    ]
[512][5881][0][48]  [FIRE][JUMP][    ][  ][     ][    ]
[513][5887][0][52]  [FIRE][JUMP][    ][UP][     ][    ]
[514][5892][0][54]  [FIRE][JUMP][    ][UP][RIGHT][    ]
[515][5895][0][52]  [FIRE][JUMP][    ][UP][     ][    ]
[516][5914][0][36]  [FIRE][    ][    ][UP][     ][    ]
[517][5930][0][52]  [FIRE][JUMP][    ][UP][     ][    ]
[518][5941][0][20]  [    ][JUMP][    ][UP][     ][    ]
[519][5947][0][ 4]  [    ][    ][    ][UP][     ][    ]
[520][5949][0][ 0]  [    ][    ][    ][  ][     ][    ]
[521][5953][0][ 1]  [    ][    ][    ][  ][     ][LEFT]
[522][5961][0][ 0]  [    ][    ][    ][  ][     ][    ]
[523][5964][0][16]  [    ][JUMP][    ][  ][     ][    ]
[524][5970][0][17]  [    ][JUMP][    ][  ][     ][LEFT]
[525][5975][0][ 0]  [    ][    ][    ][  ][     ][    ]
[526][5979][0][ 1]  [    ][    ][    ][  ][     ][LEFT]
[527][5986][0][ 0]  [    ][    ][    ][  ][     ][    ]
[528][5989][0][16]  [    ][JUMP][    ][  ][     ][    ]
[529][5996][0][18]  [    ][JUMP][    ][  ][RIGHT][    ]
[530][6000][0][16]  [    ][JUMP][    ][  ][     ][    ]
[531][6008][0][ 0]  [    ][    ][    ][  ][     ][    ]
[532][6010][0][ 2]  [    ][    ][    ][  ][RIGHT][    ]
[533][6016][0][18]  [    ][JUMP][    ][  ][RIGHT][    ]
[534][6026][0][16]  [    ][JUMP][    ][  ][     ][    ]
[535][6028][0][ 0]  [    ][    ][    ][  ][     ][    ]
[536][6043][0][ 1]  [    ][    ][    ][  ][     ][LEFT]
[537][6047][0][ 0]  [    ][    ][    ][  ][     ][    ]
[538][6053][0][48]  [FIRE][JUMP][    ][  ][     ][    ]
[539][6071][0][50]  [FIRE][JUMP][    ][  ][RIGHT][    ]
[540][6078][0][48]  [FIRE][JUMP][    ][  ][     ][    ]
[541][6080][0][32]  [FIRE][    ][    ][  ][     ][    ]
[542][6088][0][33]  [FIRE][    ][    ][  ][     ][LEFT]
[543][6093][0][32]  [FIRE][    ][    ][  ][     ][    ]
[544][6100][0][48]  [FIRE][JUMP][    ][  ][     ][    ]
[545][6105][0][52]  [FIRE][JUMP][    ][UP][     ][    ]
[546][6114][0][20]  [    ][JUMP][    ][UP][     ][    ]
[547][6116][0][ 5]  [    ][    ][    ][UP][     ][LEFT]
[548][6117][0][ 1]  [    ][    ][    ][  ][     ][LEFT]
[549][6122][0][ 0]  [    ][    ][    ][  ][     ][    ]
[550][6129][0][ 1]  [    ][    ][    ][  ][     ][LEFT]
[551][6135][0][16]  [    ][JUMP][    ][  ][     ][    ]
[552][6140][0][17]  [    ][JUMP][    ][  ][     ][LEFT]
[553][6145][0][16]  [    ][JUMP][    ][  ][     ][    ]
[554][6147][0][ 0]  [    ][    ][    ][  ][     ][    ]
[555][6151][0][ 1]  [    ][    ][    ][  ][     ][LEFT]
[556][6156][0][ 0]  [    ][    ][    ][  ][     ][    ]
[557][6159][0][16]  [    ][JUMP][    ][  ][     ][    ]
[558][6176][0][ 0]  [    ][    ][    ][  ][     ][    ]
[559][6182][0][ 2]  [    ][    ][    ][  ][RIGHT][    ]
[560][6188][0][50]  [FIRE][JUMP][    ][  ][RIGHT][    ]
[561][6192][0][48]  [FIRE][JUMP][    ][  ][     ][    ]
[562][6198][0][50]  [FIRE][JUMP][    ][  ][RIGHT][    ]
[563][6203][0][49]  [FIRE][JUMP][    ][  ][     ][LEFT]
[564][6213][0][33]  [FIRE][    ][    ][  ][     ][LEFT]
[565][6216][0][32]  [FIRE][    ][    ][  ][     ][    ]
[566][6266][0][48]  [FIRE][JUMP][    ][  ][     ][    ]
[567][6270][0][52]  [FIRE][JUMP][    ][UP][     ][    ]
[568][6283]-------------LEVEL DONE 1 ---------------- 
[569][6363]-------------LEVEL DONE 2 ---------------- 
[570][7083]-------------NEXT LEVEL!------------------ 
[571][6364]-------------PLAYER 0 ACKNOWLEDGE------ 
[572][6365]-------------NEXT LEVEL!------------------ 
