number of entries 476
deathmatch_pbullets 1
deathmatch_pbullets_damage 5
suicide_pbullets 1
[ gm][  pc][p][cm]
[  0][   0]-------------START (level:34)------------- 
[  1][   0]-------------PLAYER 0 ACTIVE (color:8)-- 
[  2][ 161][0][ 1]  [    ][    ][    ][  ][     ][LEFT]
[  3][ 172][0][ 2]  [    ][    ][    ][  ][RIGHT][    ]
[  4][ 190][0][18]  [    ][JUMP][    ][  ][RIGHT][    ]
[  5][ 227][0][ 2]  [    ][    ][    ][  ][RIGHT][    ]
[  6][ 237][0][ 1]  [    ][    ][    ][  ][     ][LEFT]
[  7][ 286][0][ 0]  [    ][    ][    ][  ][     ][    ]
[  8][ 398][0][ 2]  [    ][    ][    ][  ][RIGHT][    ]
[  9][ 414][0][18]  [    ][JUMP][    ][  ][RIGHT][    ]
[ 10][ 433][0][ 2]  [    ][    ][    ][  ][RIGHT][    ]
[ 11][ 437][0][ 1]  [    ][    ][    ][  ][     ][LEFT]
[ 12][ 462][0][ 0]  [    ][    ][    ][  ][     ][    ]
[ 13][ 467][0][ 2]  [    ][    ][    ][  ][RIGHT][    ]
[ 14][ 473][0][ 1]  [    ][    ][    ][  ][     ][LEFT]
[ 15][ 478][0][ 2]  [    ][    ][    ][  ][RIGHT][    ]
[ 16][ 489][0][ 0]  [    ][    ][    ][  ][     ][    ]
[ 17][ 499][0][ 2]  [    ][    ][    ][  ][RIGHT][    ]
[ 18][ 553][0][18]  [    ][JUMP][    ][  ][RIGHT][    ]
[ 19][ 565][0][ 2]  [    ][    ][    ][  ][RIGHT][    ]
[ 20][ 590][0][18]  [    ][JUMP][    ][  ][RIGHT][    ]
[ 21][ 598][0][ 2]  [    ][    ][    ][  ][RIGHT][    ]
[ 22][ 666][0][ 1]  [    ][    ][    ][  ][     ][LEFT]
[ 23][ 671][0][ 0]  [    ][    ][    ][  ][     ][    ]
[ 24][ 673][0][ 2]  [    ][    ][    ][  ][RIGHT][    ]
[ 25][ 676][0][ 3]  [    ][    ][    ][  ][RIGHT][LEFT]
[ 26][ 677][0][ 1]  [    ][    ][    ][  ][     ][LEFT]
[ 27][ 680][0][ 0]  [    ][    ][    ][  ][     ][    ]
[ 28][ 688][0][16]  [    ][JUMP][    ][  ][     ][    ]
[ 29][ 696][0][17]  [    ][JUMP][    ][  ][     ][LEFT]
[ 30][ 703][0][16]  [    ][JUMP][    ][  ][     ][    ]
[ 31][ 705][0][ 0]  [    ][    ][    ][  ][     ][    ]
[ 32][ 709][0][ 1]  [    ][    ][    ][  ][     ][LEFT]
[ 33][ 716][0][ 0]  [    ][    ][    ][  ][     ][    ]
[ 34][ 721][0][16]  [    ][JUMP][    ][  ][     ][    ]
[ 35][ 736][0][ 0]  [    ][    ][    ][  ][     ][    ]
[ 36][ 747][0][16]  [    ][JUMP][    ][  ][     ][    ]
[ 37][ 753][0][17]  [    ][JUMP][    ][  ][     ][LEFT]
[ 38][ 774][0][18]  [    ][JUMP][    ][  ][RIGHT][    ]
[ 39][ 776][0][34]  [FIRE][    ][    ][  ][RIGHT][    ]
[ 40][ 782][0][ 2]  [    ][    ][    ][  ][RIGHT][    ]
[ 41][ 787][0][32]  [FIRE][    ][    ][  ][     ][    ]
[ 42][ 791][0][ 0]  [    ][    ][    ][  ][     ][    ]
[ 43][ 794][0][ 2]  [    ][    ][    ][  ][RIGHT][    ]
[ 44][ 796][0][34]  [FIRE][    ][    ][  ][RIGHT][    ]
[ 45][ 801][0][ 2]  [    ][    ][    ][  ][RIGHT][    ]
[ 46][ 802][0][ 0]  [    ][    ][    ][  ][     ][    ]
[ 47][ 805][0][ 1]  [    ][    ][    ][  ][     ][LEFT]
[ 48][ 808][0][34]  [FIRE][    ][    ][  ][RIGHT][    ]
[ 49][ 809][0][50]  [FIRE][JUMP][    ][  ][RIGHT][    ]
[ 50][ 812][0][18]  [    ][JUMP][    ][  ][RIGHT][    ]
[ 51][ 814][0][17]  [    ][JUMP][    ][  ][     ][LEFT]
[ 52][ 817][0][16]  [    ][JUMP][    ][  ][     ][    ]
[ 53][ 819][0][38]  [FIRE][    ][    ][UP][RIGHT][    ]
[ 54][ 824][0][ 0]  [    ][    ][    ][  ][     ][    ]
[ 55][ 825][0][17]  [    ][JUMP][    ][  ][     ][LEFT]
[ 56][ 830][0][38]  [FIRE][    ][    ][UP][RIGHT][    ]
[ 57][ 835][0][ 1]  [    ][    ][    ][  ][     ][LEFT]
[ 58][ 839][0][ 0]  [    ][    ][    ][  ][     ][    ]
[ 59][ 887][0][16]  [    ][JUMP][    ][  ][     ][    ]
[ 60][ 894][0][17]  [    ][JUMP][    ][  ][     ][LEFT]
[ 61][ 910][0][ 1]  [    ][    ][    ][  ][     ][LEFT]
[ 62][ 928][0][17]  [    ][JUMP][    ][  ][     ][LEFT]
[ 63][ 936][0][ 1]  [    ][    ][    ][  ][     ][LEFT]
[ 64][1036][0][ 0]  [    ][    ][    ][  ][     ][    ]
[ 65][1046][0][ 2]  [    ][    ][    ][  ][RIGHT][    ]
[ 66][1082][0][ 0]  [    ][    ][    ][  ][     ][    ]
[ 67][1088][0][ 1]  [    ][    ][    ][  ][     ][LEFT]
[ 68][1130][0][ 0]  [    ][    ][    ][  ][     ][    ]
[ 69][1131][0][ 2]  [    ][    ][    ][  ][RIGHT][    ]
[ 70][1136][0][18]  [    ][JUMP][    ][  ][RIGHT][    ]
[ 71][1140][0][16]  [    ][JUMP][    ][  ][     ][    ]
[ 72][1148][0][ 0]  [    ][    ][    ][  ][     ][    ]
[ 73][1154][0][ 2]  [    ][    ][    ][  ][RIGHT][    ]
[ 74][1158][0][18]  [    ][JUMP][    ][  ][RIGHT][    ]
[ 75][1243][0][ 2]  [    ][    ][    ][  ][RIGHT][    ]
[ 76][1274][0][18]  [    ][JUMP][    ][  ][RIGHT][    ]
[ 77][1281][0][ 2]  [    ][    ][    ][  ][RIGHT][    ]
[ 78][1324][0][ 0]  [    ][    ][    ][  ][     ][    ]
[ 79][1384][0][ 2]  [    ][    ][    ][  ][RIGHT][    ]
[ 80][1409][0][ 0]  [    ][    ][    ][  ][     ][    ]
[ 81][1414][0][ 1]  [    ][    ][    ][  ][     ][LEFT]
[ 82][1423][0][ 0]  [    ][    ][    ][  ][     ][    ]
[ 83][1485][0][ 2]  [    ][    ][    ][  ][RIGHT][    ]
[ 84][1494][0][ 0]  [    ][    ][    ][  ][     ][    ]
[ 85][1511][0][ 2]  [    ][    ][    ][  ][RIGHT][    ]
[ 86][1516][0][ 1]  [    ][    ][    ][  ][     ][LEFT]
[ 87][1519][0][ 0]  [    ][    ][    ][  ][     ][    ]
[ 88][1522][0][ 1]  [    ][    ][    ][  ][     ][LEFT]
[ 89][1544][0][ 0]  [    ][    ][    ][  ][     ][    ]
[ 90][1571][0][ 2]  [    ][    ][    ][  ][RIGHT][    ]
[ 91][1578][0][18]  [    ][JUMP][    ][  ][RIGHT][    ]
[ 92][1585][0][ 2]  [    ][    ][    ][  ][RIGHT][    ]
[ 93][1632][0][ 0]  [    ][    ][    ][  ][     ][    ]
[ 94][1648][0][ 2]  [    ][    ][    ][  ][RIGHT][    ]
[ 95][1654][0][ 0]  [    ][    ][    ][  ][     ][    ]
[ 96][1671][0][ 2]  [    ][    ][    ][  ][RIGHT][    ]
[ 97][1690][0][ 0]  [    ][    ][    ][  ][     ][    ]
[ 98][1712][0][ 1]  [    ][    ][    ][  ][     ][LEFT]
[ 99][1731][0][ 0]  [    ][    ][    ][  ][     ][    ]
[100][1734][0][ 2]  [    ][    ][    ][  ][RIGHT][    ]
[101][1765][0][18]  [    ][JUMP][    ][  ][RIGHT][    ]
[102][1766][0][16]  [    ][JUMP][    ][  ][     ][    ]
[103][1852][0][ 0]  [    ][    ][    ][  ][     ][    ]
[104][1859][0][ 1]  [    ][    ][    ][  ][     ][LEFT]
[105][1872][0][ 0]  [    ][    ][    ][  ][     ][    ]
[106][2044][0][ 2]  [    ][    ][    ][  ][RIGHT][    ]
[107][2067][0][18]  [    ][JUMP][    ][  ][RIGHT][    ]
[108][2074][0][ 2]  [    ][    ][    ][  ][RIGHT][    ]
[109][2083][0][ 0]  [    ][    ][    ][  ][     ][    ]
[110][2084][0][ 1]  [    ][    ][    ][  ][     ][LEFT]
[111][2123][0][ 0]  [    ][    ][    ][  ][     ][    ]
[112][2148][0][ 2]  [    ][    ][    ][  ][RIGHT][    ]
[113][2153][0][18]  [    ][JUMP][    ][  ][RIGHT][    ]
[114][2159][0][ 2]  [    ][    ][    ][  ][RIGHT][    ]
[115][2208][0][ 0]  [    ][    ][    ][  ][     ][    ]
[116][2244][0][ 2]  [    ][    ][    ][  ][RIGHT][    ]
[117][2267][0][ 0]  [    ][    ][    ][  ][     ][    ]
[118][2271][0][ 1]  [    ][    ][    ][  ][     ][LEFT]
[119][2357][0][ 0]  [    ][    ][    ][  ][     ][    ]
[120][2364][0][ 1]  [    ][    ][    ][  ][     ][LEFT]
[121][2371][0][ 0]  [    ][    ][    ][  ][     ][    ]
[122][2426][0][ 1]  [    ][    ][    ][  ][     ][LEFT]
[123][2450][0][ 0]  [    ][    ][    ][  ][     ][    ]
[124][2473][0][ 2]  [    ][    ][    ][  ][RIGHT][    ]
[125][2482][0][ 0]  [    ][    ][    ][  ][     ][    ]
[126][2488][0][36]  [FIRE][    ][    ][UP][     ][    ]
[127][2490][0][32]  [FIRE][    ][    ][  ][     ][    ]
[128][2492][0][ 0]  [    ][    ][    ][  ][     ][    ]
[129][2496][0][32]  [FIRE][    ][    ][  ][     ][    ]
[130][2497][0][40]  [FIRE][    ][DOWN][  ][     ][    ]
[131][2499][0][ 8]  [    ][    ][DOWN][  ][     ][    ]
[132][2504][0][40]  [FIRE][    ][DOWN][  ][     ][    ]
[133][2506][0][ 8]  [    ][    ][DOWN][  ][     ][    ]
[134][2511][0][40]  [FIRE][    ][DOWN][  ][     ][    ]
[135][2513][0][ 8]  [    ][    ][DOWN][  ][     ][    ]
[136][2517][0][40]  [FIRE][    ][DOWN][  ][     ][    ]
[137][2520][0][ 8]  [    ][    ][DOWN][  ][     ][    ]
[138][2524][0][40]  [FIRE][    ][DOWN][  ][     ][    ]
[139][2526][0][ 8]  [    ][    ][DOWN][  ][     ][    ]
[140][2531][0][40]  [FIRE][    ][DOWN][  ][     ][    ]
[141][2533][0][ 8]  [    ][    ][DOWN][  ][     ][    ]
[142][2538][0][40]  [FIRE][    ][DOWN][  ][     ][    ]
[143][2541][0][ 8]  [    ][    ][DOWN][  ][     ][    ]
[144][2546][0][40]  [FIRE][    ][DOWN][  ][     ][    ]
[145][2550][0][ 9]  [    ][    ][DOWN][  ][     ][LEFT]
[146][2551][0][ 1]  [    ][    ][    ][  ][     ][LEFT]
[147][2562][0][17]  [    ][JUMP][    ][  ][     ][LEFT]
[148][2571][0][ 1]  [    ][    ][    ][  ][     ][LEFT]
[149][2578][0][ 0]  [    ][    ][    ][  ][     ][    ]
[150][2586][0][ 1]  [    ][    ][    ][  ][     ][LEFT]
[151][2593][0][ 0]  [    ][    ][    ][  ][     ][    ]
[152][2604][0][ 2]  [    ][    ][    ][  ][RIGHT][    ]
[153][2621][0][ 0]  [    ][    ][    ][  ][     ][    ]
[154][2625][0][ 1]  [    ][    ][    ][  ][     ][LEFT]
[155][2629][0][ 2]  [    ][    ][    ][  ][RIGHT][    ]
[156][2634][0][ 1]  [    ][    ][    ][  ][     ][LEFT]
[157][2638][0][ 0]  [    ][    ][    ][  ][     ][    ]
[158][2688][0][ 1]  [    ][    ][    ][  ][     ][LEFT]
[159][2696][0][17]  [    ][JUMP][    ][  ][     ][LEFT]
[160][2709][0][ 1]  [    ][    ][    ][  ][     ][LEFT]
[161][2721][0][ 0]  [    ][    ][    ][  ][     ][    ]
[162][2744][0][ 2]  [    ][    ][    ][  ][RIGHT][    ]
[163][2754][0][ 0]  [    ][    ][    ][  ][     ][    ]
[164][2774][0][ 1]  [    ][    ][    ][  ][     ][LEFT]
[165][2788][0][17]  [    ][JUMP][    ][  ][     ][LEFT]
[166][2805][0][ 1]  [    ][    ][    ][  ][     ][LEFT]
[167][2809][0][ 0]  [    ][    ][    ][  ][     ][    ]
[168][2867][0][ 1]  [    ][    ][    ][  ][     ][LEFT]
[169][2882][0][17]  [    ][JUMP][    ][  ][     ][LEFT]
[170][2902][0][ 1]  [    ][    ][    ][  ][     ][LEFT]
[171][2906][0][ 0]  [    ][    ][    ][  ][     ][    ]
[172][2979][0][ 1]  [    ][    ][    ][  ][     ][LEFT]
[173][2989][0][17]  [    ][JUMP][    ][  ][     ][LEFT]
[174][3009][0][ 1]  [    ][    ][    ][  ][     ][LEFT]
[175][3012][0][ 0]  [    ][    ][    ][  ][     ][    ]
[176][3066][0][ 1]  [    ][    ][    ][  ][     ][LEFT]
[177][3078][0][17]  [    ][JUMP][    ][  ][     ][LEFT]
[178][3089][0][ 1]  [    ][    ][    ][  ][     ][LEFT]
[179][3103][0][ 0]  [    ][    ][    ][  ][     ][    ]
[180][3124][0][ 1]  [    ][    ][    ][  ][     ][LEFT]
[181][3132][0][ 0]  [    ][    ][    ][  ][     ][    ]
[182][3139][0][32]  [FIRE][    ][    ][  ][     ][    ]
[183][3140][0][34]  [FIRE][    ][    ][  ][RIGHT][    ]
[184][3141][0][38]  [FIRE][    ][    ][UP][RIGHT][    ]
[185][3144][0][ 6]  [    ][    ][    ][UP][RIGHT][    ]
[186][3146][0][ 4]  [    ][    ][    ][UP][     ][    ]
[187][3148][0][36]  [FIRE][    ][    ][UP][     ][    ]
[188][3151][0][ 4]  [    ][    ][    ][UP][     ][    ]
[189][3156][0][36]  [FIRE][    ][    ][UP][     ][    ]
[190][3158][0][ 4]  [    ][    ][    ][UP][     ][    ]
[191][3163][0][36]  [FIRE][    ][    ][UP][     ][    ]
[192][3166][0][ 4]  [    ][    ][    ][UP][     ][    ]
[193][3169][0][ 6]  [    ][    ][    ][UP][RIGHT][    ]
[194][3171][0][38]  [FIRE][    ][    ][UP][RIGHT][    ]
[195][3174][0][ 6]  [    ][    ][    ][UP][RIGHT][    ]
[196][3176][0][ 4]  [    ][    ][    ][UP][     ][    ]
[197][3180][0][ 6]  [    ][    ][    ][UP][RIGHT][    ]
[198][3182][0][ 2]  [    ][    ][    ][  ][RIGHT][    ]
[199][3187][0][ 0]  [    ][    ][    ][  ][     ][    ]
[200][3192][0][16]  [    ][JUMP][    ][  ][     ][    ]
[201][3199][0][ 0]  [    ][    ][    ][  ][     ][    ]
[202][3204][0][ 1]  [    ][    ][    ][  ][     ][LEFT]
[203][3210][0][ 0]  [    ][    ][    ][  ][     ][    ]
[204][3218][0][ 1]  [    ][    ][    ][  ][     ][LEFT]
[205][3219][0][ 0]  [    ][    ][    ][  ][     ][    ]
[206][3221][0][ 4]  [    ][    ][    ][UP][     ][    ]
[207][3227][0][ 0]  [    ][    ][    ][  ][     ][    ]
[208][3231][0][ 2]  [    ][    ][    ][  ][RIGHT][    ]
[209][3233][0][ 6]  [    ][    ][    ][UP][RIGHT][    ]
[210][3235][0][ 4]  [    ][    ][    ][UP][     ][    ]
[211][3236][0][ 0]  [    ][    ][    ][  ][     ][    ]
[212][3238][0][ 1]  [    ][    ][    ][  ][     ][LEFT]
[213][3240][0][ 0]  [    ][    ][    ][  ][     ][    ]
[214][3241][0][ 4]  [    ][    ][    ][UP][     ][    ]
[215][3245][0][ 0]  [    ][    ][    ][  ][     ][    ]
[216][3246][0][16]  [    ][JUMP][    ][  ][     ][    ]
[217][3248][0][48]  [FIRE][JUMP][    ][  ][     ][    ]
[218][3251][0][32]  [FIRE][    ][    ][  ][     ][    ]
[219][3252][0][36]  [FIRE][    ][    ][UP][     ][    ]
[220][3253][0][38]  [FIRE][    ][    ][UP][RIGHT][    ]
[221][3256][0][ 4]  [    ][    ][    ][UP][     ][    ]
[222][3258][0][ 1]  [    ][    ][    ][  ][     ][LEFT]
[223][3262][0][ 4]  [    ][    ][    ][UP][     ][    ]
[224][3263][0][ 6]  [    ][    ][    ][UP][RIGHT][    ]
[225][3266][0][ 4]  [    ][    ][    ][UP][     ][    ]
[226][3267][0][ 1]  [    ][    ][    ][  ][     ][LEFT]
[227][3272][0][ 6]  [    ][    ][    ][UP][RIGHT][    ]
[228][3276][0][ 4]  [    ][    ][    ][UP][     ][    ]
[229][3277][0][ 1]  [    ][    ][    ][  ][     ][LEFT]
[230][3281][0][ 4]  [    ][    ][    ][UP][     ][    ]
[231][3287][0][ 0]  [    ][    ][    ][  ][     ][    ]
[232][3290][0][16]  [    ][JUMP][    ][  ][     ][    ]
[233][3295][0][48]  [FIRE][JUMP][    ][  ][     ][    ]
[234][3297][0][52]  [FIRE][JUMP][    ][UP][     ][    ]
[235][3298][0][36]  [FIRE][    ][    ][UP][     ][    ]
[236][3302][0][ 5]  [    ][    ][    ][UP][     ][LEFT]
[237][3303][0][ 1]  [    ][    ][    ][  ][     ][LEFT]
[238][3306][0][ 0]  [    ][    ][    ][  ][     ][    ]
[239][3307][0][ 4]  [    ][    ][    ][UP][     ][    ]
[240][3308][0][ 6]  [    ][    ][    ][UP][RIGHT][    ]
[241][3311][0][ 4]  [    ][    ][    ][UP][     ][    ]
[242][3313][0][ 1]  [    ][    ][    ][  ][     ][LEFT]
[243][3316][0][ 0]  [    ][    ][    ][  ][     ][    ]
[244][3317][0][ 4]  [    ][    ][    ][UP][     ][    ]
[245][3318][0][ 6]  [    ][    ][    ][UP][RIGHT][    ]
[246][3321][0][ 4]  [    ][    ][    ][UP][     ][    ]
[247][3322][0][ 0]  [    ][    ][    ][  ][     ][    ]
[248][3428][0][ 1]  [    ][    ][    ][  ][     ][LEFT]
[249][3438][0][ 0]  [    ][    ][    ][  ][     ][    ]
[250][3447][0][ 2]  [    ][    ][    ][  ][RIGHT][    ]
[251][3454][0][ 0]  [    ][    ][    ][  ][     ][    ]
[252][3471][0][ 1]  [    ][    ][    ][  ][     ][LEFT]
[253][3476][0][ 0]  [    ][    ][    ][  ][     ][    ]
[254][3489][0][ 2]  [    ][    ][    ][  ][RIGHT][    ]
[255][3491][0][ 0]  [    ][    ][    ][  ][     ][    ]
[256][3626][0][16]  [    ][JUMP][    ][  ][     ][    ]
[257][3673][0][ 0]  [    ][    ][    ][  ][     ][    ]
[258][3686][0][16]  [    ][JUMP][    ][  ][     ][    ]
[259][3700][0][48]  [FIRE][JUMP][    ][  ][     ][    ]
[260][3704][0][32]  [FIRE][    ][    ][  ][     ][    ]
[261][3706][0][ 0]  [    ][    ][    ][  ][     ][    ]
[262][3711][0][32]  [FIRE][    ][    ][  ][     ][    ]
[263][3716][0][ 0]  [    ][    ][    ][  ][     ][    ]
[264][3720][0][ 2]  [    ][    ][    ][  ][RIGHT][    ]
[265][3737][0][ 0]  [    ][    ][    ][  ][     ][    ]
[266][3739][0][16]  [    ][JUMP][    ][  ][     ][    ]
[267][3744][0][17]  [    ][JUMP][    ][  ][     ][LEFT]
[268][3756][0][ 1]  [    ][    ][    ][  ][     ][LEFT]
[269][3773][0][ 0]  [    ][    ][    ][  ][     ][    ]
[270][3777][0][ 2]  [    ][    ][    ][  ][RIGHT][    ]
[271][3780][0][34]  [FIRE][    ][    ][  ][RIGHT][    ]
[272][3782][0][32]  [FIRE][    ][    ][  ][     ][    ]
[273][3784][0][ 0]  [    ][    ][    ][  ][     ][    ]
[274][3788][0][32]  [FIRE][    ][    ][  ][     ][    ]
[275][3791][0][ 0]  [    ][    ][    ][  ][     ][    ]
[276][3796][0][32]  [FIRE][    ][    ][  ][     ][    ]
[277][3798][0][ 0]  [    ][    ][    ][  ][     ][    ]
[278][3803][0][32]  [FIRE][    ][    ][  ][     ][    ]
[279][3806][0][ 0]  [    ][    ][    ][  ][     ][    ]
[280][3810][0][32]  [FIRE][    ][    ][  ][     ][    ]
[281][3813][0][ 0]  [    ][    ][    ][  ][     ][    ]
[282][3818][0][32]  [FIRE][    ][    ][  ][     ][    ]
[283][3821][0][ 0]  [    ][    ][    ][  ][     ][    ]
[284][3880][0][32]  [FIRE][    ][    ][  ][     ][    ]
[285][3884][0][ 0]  [    ][    ][    ][  ][     ][    ]
[286][3888][0][32]  [FIRE][    ][    ][  ][     ][    ]
[287][3892][0][ 0]  [    ][    ][    ][  ][     ][    ]
[288][3896][0][32]  [FIRE][    ][    ][  ][     ][    ]
[289][3898][0][ 0]  [    ][    ][    ][  ][     ][    ]
[290][3902][0][32]  [FIRE][    ][    ][  ][     ][    ]
[291][3905][0][ 0]  [    ][    ][    ][  ][     ][    ]
[292][3909][0][32]  [FIRE][    ][    ][  ][     ][    ]
[293][3912][0][ 0]  [    ][    ][    ][  ][     ][    ]
[294][3916][0][32]  [FIRE][    ][    ][  ][     ][    ]
[295][3919][0][34]  [FIRE][    ][    ][  ][RIGHT][    ]
[296][3921][0][ 2]  [    ][    ][    ][  ][RIGHT][    ]
[297][3941][0][ 0]  [    ][    ][    ][  ][     ][    ]
[298][3942][0][ 1]  [    ][    ][    ][  ][     ][LEFT]
[299][3978][0][ 0]  [    ][    ][    ][  ][     ][    ]
[300][3981][0][ 2]  [    ][    ][    ][  ][RIGHT][    ]
[301][3986][0][ 0]  [    ][    ][    ][  ][     ][    ]
[302][4024][0][16]  [    ][JUMP][    ][  ][     ][    ]
[303][4040][0][48]  [FIRE][JUMP][    ][  ][     ][    ]
[304][4042][0][32]  [FIRE][    ][    ][  ][     ][    ]
[305][4045][0][ 0]  [    ][    ][    ][  ][     ][    ]
[306][4049][0][32]  [FIRE][    ][    ][  ][     ][    ]
[307][4052][0][ 0]  [    ][    ][    ][  ][     ][    ]
[308][4129][0][16]  [    ][JUMP][    ][  ][     ][    ]
[309][4141][0][48]  [FIRE][JUMP][    ][  ][     ][    ]
[310][4143][0][32]  [FIRE][    ][    ][  ][     ][    ]
[311][4148][0][ 0]  [    ][    ][    ][  ][     ][    ]
[312][4169][0][16]  [    ][JUMP][    ][  ][     ][    ]
[313][4184][0][48]  [FIRE][JUMP][    ][  ][     ][    ]
[314][4186][0][32]  [FIRE][    ][    ][  ][     ][    ]
[315][4188][0][ 0]  [    ][    ][    ][  ][     ][    ]
[316][4278][0][16]  [    ][JUMP][    ][  ][     ][    ]
[317][4309][0][ 0]  [    ][    ][    ][  ][     ][    ]
[318][4321][0][ 2]  [    ][    ][    ][  ][RIGHT][    ]
[319][4340][0][ 0]  [    ][    ][    ][  ][     ][    ]
[320][4378][0][ 1]  [    ][    ][    ][  ][     ][LEFT]
[321][4387][0][17]  [    ][JUMP][    ][  ][     ][LEFT]
[322][4397][0][ 1]  [    ][    ][    ][  ][     ][LEFT]
[323][4411][0][ 0]  [    ][    ][    ][  ][     ][    ]
[324][4477][0][ 2]  [    ][    ][    ][  ][RIGHT][    ]
[325][4497][0][18]  [    ][JUMP][    ][  ][RIGHT][    ]
[326][4519][0][16]  [    ][JUMP][    ][  ][     ][    ]
[327][4522][0][ 0]  [    ][    ][    ][  ][     ][    ]
[328][4531][0][ 1]  [    ][    ][    ][  ][     ][LEFT]
[329][4536][0][ 0]  [    ][    ][    ][  ][     ][    ]
[330][4550][0][16]  [    ][JUMP][    ][  ][     ][    ]
[331][4563][0][17]  [    ][JUMP][    ][  ][     ][LEFT]
[332][4569][0][16]  [    ][JUMP][    ][  ][     ][    ]
[333][4574][0][ 0]  [    ][    ][    ][  ][     ][    ]
[334][4575][0][ 2]  [    ][    ][    ][  ][RIGHT][    ]
[335][4582][0][ 0]  [    ][    ][    ][  ][     ][    ]
[336][4583][0][ 1]  [    ][    ][    ][  ][     ][LEFT]
[337][4591][0][ 0]  [    ][    ][    ][  ][     ][    ]
[338][4595][0][17]  [    ][JUMP][    ][  ][     ][LEFT]
[339][4605][0][21]  [    ][JUMP][    ][UP][     ][LEFT]
[340][4607][0][20]  [    ][JUMP][    ][UP][     ][    ]
[341][4608][0][52]  [FIRE][JUMP][    ][UP][     ][    ]
[342][4612][0][38]  [FIRE][    ][    ][UP][RIGHT][    ]
[343][4614][0][ 6]  [    ][    ][    ][UP][RIGHT][    ]
[344][4618][0][38]  [FIRE][    ][    ][UP][RIGHT][    ]
[345][4623][0][ 6]  [    ][    ][    ][UP][RIGHT][    ]
[346][4625][0][22]  [    ][JUMP][    ][UP][RIGHT][    ]
[347][4632][0][16]  [    ][JUMP][    ][  ][     ][    ]
[348][4634][0][ 0]  [    ][    ][    ][  ][     ][    ]
[349][4637][0][ 1]  [    ][    ][    ][  ][     ][LEFT]
[350][4643][0][17]  [    ][JUMP][    ][  ][     ][LEFT]
[351][4669][0][16]  [    ][JUMP][    ][  ][     ][    ]
[352][4675][0][ 2]  [    ][    ][    ][  ][RIGHT][    ]
[353][4685][0][ 0]  [    ][    ][    ][  ][     ][    ]
[354][4705][0][16]  [    ][JUMP][    ][  ][     ][    ]
[355][4708][0][18]  [    ][JUMP][    ][  ][RIGHT][    ]
[356][4722][0][22]  [    ][JUMP][    ][UP][RIGHT][    ]
[357][4729][0][16]  [    ][JUMP][    ][  ][     ][    ]
[358][4730][0][ 0]  [    ][    ][    ][  ][     ][    ]
[359][4742][0][ 1]  [    ][    ][    ][  ][     ][LEFT]
[360][4744][0][17]  [    ][JUMP][    ][  ][     ][LEFT]
[361][4760][0][21]  [    ][JUMP][    ][UP][     ][LEFT]
[362][4764][0][20]  [    ][JUMP][    ][UP][     ][    ]
[363][4765][0][52]  [FIRE][JUMP][    ][UP][     ][    ]
[364][4767][0][36]  [FIRE][    ][    ][UP][     ][    ]
[365][4771][0][ 4]  [    ][    ][    ][UP][     ][    ]
[366][4774][0][36]  [FIRE][    ][    ][UP][     ][    ]
[367][4779][0][ 4]  [    ][    ][    ][UP][     ][    ]
[368][4783][0][ 5]  [    ][    ][    ][UP][     ][LEFT]
[369][4784][0][37]  [FIRE][    ][    ][UP][     ][LEFT]
[370][4790][0][ 5]  [    ][    ][    ][UP][     ][LEFT]
[371][4794][0][ 4]  [    ][    ][    ][UP][     ][    ]
[372][4804][0][ 0]  [    ][    ][    ][  ][     ][    ]
[373][4933][0][ 2]  [    ][    ][    ][  ][RIGHT][    ]
[374][4941][0][18]  [    ][JUMP][    ][  ][RIGHT][    ]
[375][4986][0][16]  [    ][JUMP][    ][  ][     ][    ]
[376][4988][0][ 1]  [    ][    ][    ][  ][     ][LEFT]
[377][4999][0][ 0]  [    ][    ][    ][  ][     ][    ]
[378][5009][0][16]  [    ][JUMP][    ][  ][     ][    ]
[379][5038][0][17]  [    ][JUMP][    ][  ][     ][LEFT]
[380][5041][0][ 1]  [    ][    ][    ][  ][     ][LEFT]
[381][5043][0][ 0]  [    ][    ][    ][  ][     ][    ]
[382][5055][0][16]  [    ][JUMP][    ][  ][     ][    ]
[383][5058][0][18]  [    ][JUMP][    ][  ][RIGHT][    ]
[384][5061][0][16]  [    ][JUMP][    ][  ][     ][    ]
[385][5077][0][17]  [    ][JUMP][    ][  ][     ][LEFT]
[386][5079][0][ 1]  [    ][    ][    ][  ][     ][LEFT]
[387][5081][0][ 0]  [    ][    ][    ][  ][     ][    ]
[388][5086][0][ 2]  [    ][    ][    ][  ][RIGHT][    ]
[389][5091][0][ 0]  [    ][    ][    ][  ][     ][    ]
[390][5098][0][16]  [    ][JUMP][    ][  ][     ][    ]
[391][5102][0][18]  [    ][JUMP][    ][  ][RIGHT][    ]
[392][5111][0][22]  [    ][JUMP][    ][UP][RIGHT][    ]
[393][5121][0][20]  [    ][JUMP][    ][UP][     ][    ]
[394][5122][0][52]  [FIRE][JUMP][    ][UP][     ][    ]
[395][5124][0][36]  [FIRE][    ][    ][UP][     ][    ]
[396][5126][0][37]  [FIRE][    ][    ][UP][     ][LEFT]
[397][5128][0][ 5]  [    ][    ][    ][UP][     ][LEFT]
[398][5131][0][21]  [    ][JUMP][    ][UP][     ][LEFT]
[399][5132][0][53]  [FIRE][JUMP][    ][UP][     ][LEFT]
[400][5135][0][37]  [FIRE][    ][    ][UP][     ][LEFT]
[401][5138][0][53]  [FIRE][JUMP][    ][UP][     ][LEFT]
[402][5140][0][21]  [    ][JUMP][    ][UP][     ][LEFT]
[403][5149][0][17]  [    ][JUMP][    ][  ][     ][LEFT]
[404][5153][0][16]  [    ][JUMP][    ][  ][     ][    ]
[405][5161][0][18]  [    ][JUMP][    ][  ][RIGHT][    ]
[406][5169][0][ 2]  [    ][    ][    ][  ][RIGHT][    ]
[407][5170][0][ 0]  [    ][    ][    ][  ][     ][    ]
[408][5175][0][ 2]  [    ][    ][    ][  ][RIGHT][    ]
[409][5186][0][18]  [    ][JUMP][    ][  ][RIGHT][    ]
[410][5213][0][ 0]  [    ][    ][    ][  ][     ][    ]
[411][5219][0][16]  [    ][JUMP][    ][  ][     ][    ]
[412][5240][0][ 0]  [    ][    ][    ][  ][     ][    ]
[413][5247][0][ 2]  [    ][    ][    ][  ][RIGHT][    ]
[414][5251][0][ 0]  [    ][    ][    ][  ][     ][    ]
[415][5257][0][ 2]  [    ][    ][    ][  ][RIGHT][    ]
[416][5258][0][18]  [    ][JUMP][    ][  ][RIGHT][    ]
[417][5274][0][22]  [    ][JUMP][    ][UP][RIGHT][    ]
[418][5277][0][20]  [    ][JUMP][    ][UP][     ][    ]
[419][5278][0][52]  [FIRE][JUMP][    ][UP][     ][    ]
[420][5279][0][53]  [FIRE][JUMP][    ][UP][     ][LEFT]
[421][5281][0][37]  [FIRE][    ][    ][UP][     ][LEFT]
[422][5285][0][ 5]  [    ][    ][    ][UP][     ][LEFT]
[423][5288][0][37]  [FIRE][    ][    ][UP][     ][LEFT]
[424][5293][0][53]  [FIRE][JUMP][    ][UP][     ][LEFT]
[425][5296][0][21]  [    ][JUMP][    ][UP][     ][LEFT]
[426][5299][0][17]  [    ][JUMP][    ][  ][     ][LEFT]
[427][5310][0][16]  [    ][JUMP][    ][  ][     ][    ]
[428][5317][0][18]  [    ][JUMP][    ][  ][RIGHT][    ]
[429][5320][0][ 2]  [    ][    ][    ][  ][RIGHT][    ]
[430][5325][0][ 0]  [    ][    ][    ][  ][     ][    ]
[431][5331][0][ 2]  [    ][    ][    ][  ][RIGHT][    ]
[432][5341][0][18]  [    ][JUMP][    ][  ][RIGHT][    ]
[433][5369][0][ 2]  [    ][    ][    ][  ][RIGHT][    ]
[434][5372][0][ 0]  [    ][    ][    ][  ][     ][    ]
[435][5375][0][16]  [    ][JUMP][    ][  ][     ][    ]
[436][5393][0][17]  [    ][JUMP][    ][  ][     ][LEFT]
[437][5395][0][ 1]  [    ][    ][    ][  ][     ][LEFT]
[438][5397][0][ 0]  [    ][    ][    ][  ][     ][    ]
[439][5402][0][ 2]  [    ][    ][    ][  ][RIGHT][    ]
[440][5414][0][16]  [    ][JUMP][    ][  ][     ][    ]
[441][5419][0][18]  [    ][JUMP][    ][  ][RIGHT][    ]
[442][5423][0][22]  [    ][JUMP][    ][UP][RIGHT][    ]
[443][5427][0][20]  [    ][JUMP][    ][UP][     ][    ]
[444][5432][0][52]  [FIRE][JUMP][    ][UP][     ][    ]
[445][5434][0][36]  [FIRE][    ][    ][UP][     ][    ]
[446][5435][0][37]  [FIRE][    ][    ][UP][     ][LEFT]
[447][5438][0][ 5]  [    ][    ][    ][UP][     ][LEFT]
[448][5442][0][37]  [FIRE][    ][    ][UP][     ][LEFT]
[449][5450][0][ 5]  [    ][    ][    ][UP][     ][LEFT]
[450][5452][0][ 4]  [    ][    ][    ][UP][     ][    ]
[451][5453][0][ 0]  [    ][    ][    ][  ][     ][    ]
[452][5457][0][16]  [    ][JUMP][    ][  ][     ][    ]
[453][5460][0][18]  [    ][JUMP][    ][  ][RIGHT][    ]
[454][5481][0][22]  [    ][JUMP][    ][UP][RIGHT][    ]
[455][5484][0][36]  [FIRE][    ][    ][UP][     ][    ]
[456][5490][0][37]  [FIRE][    ][    ][UP][     ][LEFT]
[457][5515][0][36]  [FIRE][    ][    ][UP][     ][    ]
[458][5525][0][37]  [FIRE][    ][    ][UP][     ][LEFT]
[459][5530][0][33]  [FIRE][    ][    ][  ][     ][LEFT]
[460][5538][0][ 1]  [    ][    ][    ][  ][     ][LEFT]
[461][5544][0][ 0]  [    ][    ][    ][  ][     ][    ]
[462][5712][0][ 1]  [    ][    ][    ][  ][     ][LEFT]
[463][5743][0][17]  [    ][JUMP][    ][  ][     ][LEFT]
[464][5750][0][16]  [    ][JUMP][    ][  ][     ][    ]
[465][5752][0][ 0]  [    ][    ][    ][  ][     ][    ]
[466][5761][0][ 2]  [    ][    ][    ][  ][RIGHT][    ]
[467][5819][0][ 3]  [    ][    ][    ][  ][RIGHT][LEFT]
[468][5821][0][ 1]  [    ][    ][    ][  ][     ][LEFT]
[469][5841][0][ 0]  [    ][    ][    ][  ][     ][    ]
[470][5842][0][16]  [    ][JUMP][    ][  ][     ][    ]
[471][5847]-------------LEVEL DONE 1 ---------------- 
[472][5927]-------------LEVEL DONE 2 ---------------- 
[473][6647]-------------NEXT LEVEL!------------------ 
[474][5945]-------------PLAYER 0 ACKNOWLEDGE------ 
[475][5946]-------------NEXT LEVEL!------------------ 
