number of entries 739
deathmatch_pbullets 1
deathmatch_pbullets_damage 5
suicide_pbullets 1
[ gm][  pc][p][cm]
[  0][   0]-------------START (level:2)------------- 
[  1][   0]-------------PLAYER 0 ACTIVE (color:8)-- 
[  2][  41][0][ 1]  [    ][    ][    ][  ][     ][LEFT]
[  3][  71][0][ 2]  [    ][    ][    ][  ][RIGHT][    ]
[  4][  90][0][50]  [FIRE][JUMP][    ][  ][RIGHT][    ]
[  5][  91][0][48]  [FIRE][JUMP][    ][  ][     ][    ]
[  6][  95][0][ 0]  [    ][    ][    ][  ][     ][    ]
[  7][  98][0][16]  [    ][JUMP][    ][  ][     ][    ]
[  8][ 100][0][48]  [FIRE][JUMP][    ][  ][     ][    ]
[  9][ 103][0][32]  [FIRE][    ][    ][  ][     ][    ]
[ 10][ 106][0][ 0]  [    ][    ][    ][  ][     ][    ]
[ 11][ 107][0][16]  [    ][JUMP][    ][  ][     ][    ]
[ 12][ 111][0][48]  [FIRE][JUMP][    ][  ][     ][    ]
[ 13][ 113][0][32]  [FIRE][    ][    ][  ][     ][    ]
[ 14][ 117][0][16]  [    ][JUMP][    ][  ][     ][    ]
[ 15][ 122][0][48]  [FIRE][JUMP][    ][  ][     ][    ]
[ 16][ 123][0][32]  [FIRE][    ][    ][  ][     ][    ]
[ 17][ 127][0][16]  [    ][JUMP][    ][  ][     ][    ]
[ 18][ 131][0][48]  [FIRE][JUMP][    ][  ][     ][    ]
[ 19][ 133][0][32]  [FIRE][    ][    ][  ][     ][    ]
[ 20][ 137][0][16]  [    ][JUMP][    ][  ][     ][    ]
[ 21][ 141][0][48]  [FIRE][JUMP][    ][  ][     ][    ]
[ 22][ 143][0][32]  [FIRE][    ][    ][  ][     ][    ]
[ 23][ 148][0][16]  [    ][JUMP][    ][  ][     ][    ]
[ 24][ 153][0][32]  [FIRE][    ][    ][  ][     ][    ]
[ 25][ 159][0][16]  [    ][JUMP][    ][  ][     ][    ]
[ 26][ 163][0][48]  [FIRE][JUMP][    ][  ][     ][    ]
[ 27][ 164][0][32]  [FIRE][    ][    ][  ][     ][    ]
[ 28][ 168][0][ 0]  [    ][    ][    ][  ][     ][    ]
[ 29][ 182][0][ 2]  [    ][    ][    ][  ][RIGHT][    ]
[ 30][ 266][0][ 3]  [    ][    ][    ][  ][RIGHT][LEFT]
[ 31][ 267][0][ 1]  [    ][    ][    ][  ][     ][LEFT]
[ 32][ 271][0][33]  [FIRE][    ][    ][  ][     ][LEFT]
[ 33][ 273][0][35]  [FIRE][    ][    ][  ][RIGHT][LEFT]
[ 34][ 274][0][34]  [FIRE][    ][    ][  ][RIGHT][    ]
[ 35][ 278][0][48]  [FIRE][JUMP][    ][  ][     ][    ]
[ 36][ 280][0][17]  [    ][JUMP][    ][  ][     ][LEFT]
[ 37][ 284][0][16]  [    ][JUMP][    ][  ][     ][    ]
[ 38][ 285][0][18]  [    ][JUMP][    ][  ][RIGHT][    ]
[ 39][ 287][0][ 2]  [    ][    ][    ][  ][RIGHT][    ]
[ 40][ 293][0][34]  [FIRE][    ][    ][  ][RIGHT][    ]
[ 41][ 298][0][ 2]  [    ][    ][    ][  ][RIGHT][    ]
[ 42][ 302][0][34]  [FIRE][    ][    ][  ][RIGHT][    ]
[ 43][ 306][0][ 2]  [    ][    ][    ][  ][RIGHT][    ]
[ 44][ 310][0][34]  [FIRE][    ][    ][  ][RIGHT][    ]
[ 45][ 314][0][ 2]  [    ][    ][    ][  ][RIGHT][    ]
[ 46][ 319][0][34]  [FIRE][    ][    ][  ][RIGHT][    ]
[ 47][ 323][0][ 2]  [    ][    ][    ][  ][RIGHT][    ]
[ 48][ 328][0][34]  [FIRE][    ][    ][  ][RIGHT][    ]
[ 49][ 332][0][ 2]  [    ][    ][    ][  ][RIGHT][    ]
[ 50][ 336][0][34]  [FIRE][    ][    ][  ][RIGHT][    ]
[ 51][ 340][0][ 2]  [    ][    ][    ][  ][RIGHT][    ]
[ 52][ 364][0][18]  [    ][JUMP][    ][  ][RIGHT][    ]
[ 53][ 390][0][50]  [FIRE][JUMP][    ][  ][RIGHT][    ]
[ 54][ 391][0][34]  [FIRE][    ][    ][  ][RIGHT][    ]
[ 55][ 393][0][32]  [FIRE][    ][    ][  ][     ][    ]
[ 56][ 394][0][ 0]  [    ][    ][    ][  ][     ][    ]
[ 57][ 397][0][32]  [FIRE][    ][    ][  ][     ][    ]
[ 58][ 402][0][ 0]  [    ][    ][    ][  ][     ][    ]
[ 59][ 406][0][33]  [FIRE][    ][    ][  ][     ][LEFT]
[ 60][ 410][0][ 1]  [    ][    ][    ][  ][     ][LEFT]
[ 61][ 412][0][ 0]  [    ][    ][    ][  ][     ][    ]
[ 62][ 413][0][32]  [FIRE][    ][    ][  ][     ][    ]
[ 63][ 417][0][ 0]  [    ][    ][    ][  ][     ][    ]
[ 64][ 421][0][32]  [FIRE][    ][    ][  ][     ][    ]
[ 65][ 426][0][ 0]  [    ][    ][    ][  ][     ][    ]
[ 66][ 429][0][32]  [FIRE][    ][    ][  ][     ][    ]
[ 67][ 431][0][34]  [FIRE][    ][    ][  ][RIGHT][    ]
[ 68][ 434][0][ 2]  [    ][    ][    ][  ][RIGHT][    ]
[ 69][ 466][0][18]  [    ][JUMP][    ][  ][RIGHT][    ]
[ 70][ 472][0][50]  [FIRE][JUMP][    ][  ][RIGHT][    ]
[ 71][ 474][0][34]  [FIRE][    ][    ][  ][RIGHT][    ]
[ 72][ 477][0][ 2]  [    ][    ][    ][  ][RIGHT][    ]
[ 73][ 479][0][18]  [    ][JUMP][    ][  ][RIGHT][    ]
[ 74][ 482][0][50]  [FIRE][JUMP][    ][  ][RIGHT][    ]
[ 75][ 484][0][34]  [FIRE][    ][    ][  ][RIGHT][    ]
[ 76][ 488][0][18]  [    ][JUMP][    ][  ][RIGHT][    ]
[ 77][ 494][0][34]  [FIRE][    ][    ][  ][RIGHT][    ]
[ 78][ 499][0][ 2]  [    ][    ][    ][  ][RIGHT][    ]
[ 79][ 500][0][18]  [    ][JUMP][    ][  ][RIGHT][    ]
[ 80][ 504][0][50]  [FIRE][JUMP][    ][  ][RIGHT][    ]
[ 81][ 505][0][34]  [FIRE][    ][    ][  ][RIGHT][    ]
[ 82][ 506][0][ 2]  [    ][    ][    ][  ][RIGHT][    ]
[ 83][ 534][0][18]  [    ][JUMP][    ][  ][RIGHT][    ]
[ 84][ 548][0][ 2]  [    ][    ][    ][  ][RIGHT][    ]
[ 85][ 562][0][ 0]  [    ][    ][    ][  ][     ][    ]
[ 86][ 565][0][ 1]  [    ][    ][    ][  ][     ][LEFT]
[ 87][ 572][0][ 0]  [    ][    ][    ][  ][     ][    ]
[ 88][ 585][0][ 2]  [    ][    ][    ][  ][RIGHT][    ]
[ 89][ 606][0][ 0]  [    ][    ][    ][  ][     ][    ]
[ 90][ 618][0][ 2]  [    ][    ][    ][  ][RIGHT][    ]
[ 91][ 626][0][34]  [FIRE][    ][    ][  ][RIGHT][    ]
[ 92][ 629][0][ 2]  [    ][    ][    ][  ][RIGHT][    ]
[ 93][ 634][0][34]  [FIRE][    ][    ][  ][RIGHT][    ]
[ 94][ 638][0][ 2]  [    ][    ][    ][  ][RIGHT][    ]
[ 95][ 643][0][34]  [FIRE][    ][    ][  ][RIGHT][    ]
[ 96][ 646][0][ 2]  [    ][    ][    ][  ][RIGHT][    ]
[ 97][ 650][0][34]  [FIRE][    ][    ][  ][RIGHT][    ]
[ 98][ 654][0][ 2]  [    ][    ][    ][  ][RIGHT][    ]
[ 99][ 658][0][34]  [FIRE][    ][    ][  ][RIGHT][    ]
[100][ 662][0][ 2]  [    ][    ][    ][  ][RIGHT][    ]
[101][ 666][0][34]  [FIRE][    ][    ][  ][RIGHT][    ]
[102][ 670][0][ 2]  [    ][    ][    ][  ][RIGHT][    ]
[103][ 675][0][33]  [FIRE][    ][    ][  ][     ][LEFT]
[104][ 678][0][ 1]  [    ][    ][    ][  ][     ][LEFT]
[105][ 682][0][ 5]  [    ][    ][    ][UP][     ][LEFT]
[106][ 683][0][37]  [FIRE][    ][    ][UP][     ][LEFT]
[107][ 690][0][36]  [FIRE][    ][    ][UP][     ][    ]
[108][ 691][0][20]  [    ][JUMP][    ][UP][     ][    ]
[109][ 693][0][16]  [    ][JUMP][    ][  ][     ][    ]
[110][ 703][0][ 0]  [    ][    ][    ][  ][     ][    ]
[111][ 713][0][ 1]  [    ][    ][    ][  ][     ][LEFT]
[112][ 719][0][ 0]  [    ][    ][    ][  ][     ][    ]
[113][ 730][0][ 2]  [    ][    ][    ][  ][RIGHT][    ]
[114][ 736][0][ 0]  [    ][    ][    ][  ][     ][    ]
[115][ 737][0][16]  [    ][JUMP][    ][  ][     ][    ]
[116][ 739][0][17]  [    ][JUMP][    ][  ][     ][LEFT]
[117][ 740][0][16]  [    ][JUMP][    ][  ][     ][    ]
[118][ 746][0][17]  [    ][JUMP][    ][  ][     ][LEFT]
[119][ 751][0][ 1]  [    ][    ][    ][  ][     ][LEFT]
[120][ 774][0][16]  [    ][JUMP][    ][  ][     ][    ]
[121][ 781][0][18]  [    ][JUMP][    ][  ][RIGHT][    ]
[122][ 796][0][16]  [    ][JUMP][    ][  ][     ][    ]
[123][ 805][0][20]  [    ][JUMP][    ][UP][     ][    ]
[124][ 819][0][21]  [    ][JUMP][    ][UP][     ][LEFT]
[125][ 822][0][17]  [    ][JUMP][    ][  ][     ][LEFT]
[126][ 851][0][16]  [    ][JUMP][    ][  ][     ][    ]
[127][ 853][0][ 0]  [    ][    ][    ][  ][     ][    ]
[128][ 861][0][ 1]  [    ][    ][    ][  ][     ][LEFT]
[129][ 865][0][ 0]  [    ][    ][    ][  ][     ][    ]
[130][ 868][0][ 6]  [    ][    ][    ][UP][RIGHT][    ]
[131][ 884][0][ 2]  [    ][    ][    ][  ][RIGHT][    ]
[132][ 886][0][ 0]  [    ][    ][    ][  ][     ][    ]
[133][ 918][0][16]  [    ][JUMP][    ][  ][     ][    ]
[134][ 925][0][17]  [    ][JUMP][    ][  ][     ][LEFT]
[135][ 937][0][ 1]  [    ][    ][    ][  ][     ][LEFT]
[136][ 940][0][ 0]  [    ][    ][    ][  ][     ][    ]
[137][ 984][0][ 1]  [    ][    ][    ][  ][     ][LEFT]
[138][ 989][0][ 0]  [    ][    ][    ][  ][     ][    ]
[139][1090][0][ 2]  [    ][    ][    ][  ][RIGHT][    ]
[140][1094][0][ 0]  [    ][    ][    ][  ][     ][    ]
[141][1099][0][ 1]  [    ][    ][    ][  ][     ][LEFT]
[142][1105][0][17]  [    ][JUMP][    ][  ][     ][LEFT]
[143][1107][0][16]  [    ][JUMP][    ][  ][     ][    ]
[144][1112][0][17]  [    ][JUMP][    ][  ][     ][LEFT]
[145][1120][0][49]  [FIRE][JUMP][    ][  ][     ][LEFT]
[146][1121][0][33]  [FIRE][    ][    ][  ][     ][LEFT]
[147][1125][0][ 2]  [    ][    ][    ][  ][RIGHT][    ]
[148][1130][0][32]  [FIRE][    ][    ][  ][     ][    ]
[149][1132][0][ 0]  [    ][    ][    ][  ][     ][    ]
[150][1137][0][32]  [FIRE][    ][    ][  ][     ][    ]
[151][1140][0][ 0]  [    ][    ][    ][  ][     ][    ]
[152][1146][0][48]  [FIRE][JUMP][    ][  ][     ][    ]
[153][1149][0][16]  [    ][JUMP][    ][  ][     ][    ]
[154][1155][0][48]  [FIRE][JUMP][    ][  ][     ][    ]
[155][1157][0][32]  [FIRE][    ][    ][  ][     ][    ]
[156][1160][0][ 0]  [    ][    ][    ][  ][     ][    ]
[157][1162][0][16]  [    ][JUMP][    ][  ][     ][    ]
[158][1165][0][48]  [FIRE][JUMP][    ][  ][     ][    ]
[159][1167][0][32]  [FIRE][    ][    ][  ][     ][    ]
[160][1171][0][16]  [    ][JUMP][    ][  ][     ][    ]
[161][1175][0][48]  [FIRE][JUMP][    ][  ][     ][    ]
[162][1177][0][32]  [FIRE][    ][    ][  ][     ][    ]
[163][1181][0][ 0]  [    ][    ][    ][  ][     ][    ]
[164][1182][0][16]  [    ][JUMP][    ][  ][     ][    ]
[165][1186][0][48]  [FIRE][JUMP][    ][  ][     ][    ]
[166][1188][0][32]  [FIRE][    ][    ][  ][     ][    ]
[167][1192][0][ 0]  [    ][    ][    ][  ][     ][    ]
[168][1202][0][ 1]  [    ][    ][    ][  ][     ][LEFT]
[169][1227][0][ 0]  [    ][    ][    ][  ][     ][    ]
[170][1233][0][ 1]  [    ][    ][    ][  ][     ][LEFT]
[171][1238][0][ 0]  [    ][    ][    ][  ][     ][    ]
[172][1247][0][ 1]  [    ][    ][    ][  ][     ][LEFT]
[173][1252][0][17]  [    ][JUMP][    ][  ][     ][LEFT]
[174][1263][0][49]  [FIRE][JUMP][    ][  ][     ][LEFT]
[175][1264][0][33]  [FIRE][    ][    ][  ][     ][LEFT]
[176][1267][0][ 0]  [    ][    ][    ][  ][     ][    ]
[177][1272][0][32]  [FIRE][    ][    ][  ][     ][    ]
[178][1276][0][ 0]  [    ][    ][    ][  ][     ][    ]
[179][1280][0][32]  [FIRE][    ][    ][  ][     ][    ]
[180][1281][0][36]  [FIRE][    ][    ][UP][     ][    ]
[181][1283][0][ 4]  [    ][    ][    ][UP][     ][    ]
[182][1288][0][36]  [FIRE][    ][    ][UP][     ][    ]
[183][1290][0][38]  [FIRE][    ][    ][UP][RIGHT][    ]
[184][1291][0][ 6]  [    ][    ][    ][UP][RIGHT][    ]
[185][1296][0][36]  [FIRE][    ][    ][UP][     ][    ]
[186][1298][0][ 4]  [    ][    ][    ][UP][     ][    ]
[187][1302][0][36]  [FIRE][    ][    ][UP][     ][    ]
[188][1305][0][ 4]  [    ][    ][    ][UP][     ][    ]
[189][1308][0][ 6]  [    ][    ][    ][UP][RIGHT][    ]
[190][1309][0][38]  [FIRE][    ][    ][UP][RIGHT][    ]
[191][1312][0][ 6]  [    ][    ][    ][UP][RIGHT][    ]
[192][1315][0][ 4]  [    ][    ][    ][UP][     ][    ]
[193][1316][0][36]  [FIRE][    ][    ][UP][     ][    ]
[194][1318][0][ 4]  [    ][    ][    ][UP][     ][    ]
[195][1323][0][36]  [FIRE][    ][    ][UP][     ][    ]
[196][1325][0][ 4]  [    ][    ][    ][UP][     ][    ]
[197][1330][0][36]  [FIRE][    ][    ][UP][     ][    ]
[198][1331][0][ 4]  [    ][    ][    ][UP][     ][    ]
[199][1336][0][36]  [FIRE][    ][    ][UP][     ][    ]
[200][1338][0][ 4]  [    ][    ][    ][UP][     ][    ]
[201][1340][0][ 6]  [    ][    ][    ][UP][RIGHT][    ]
[202][1342][0][38]  [FIRE][    ][    ][UP][RIGHT][    ]
[203][1344][0][ 6]  [    ][    ][    ][UP][RIGHT][    ]
[204][1348][0][38]  [FIRE][    ][    ][UP][RIGHT][    ]
[205][1350][0][ 6]  [    ][    ][    ][UP][RIGHT][    ]
[206][1355][0][38]  [FIRE][    ][    ][UP][RIGHT][    ]
[207][1357][0][ 6]  [    ][    ][    ][UP][RIGHT][    ]
[208][1361][0][38]  [FIRE][    ][    ][UP][RIGHT][    ]
[209][1364][0][ 6]  [    ][    ][    ][UP][RIGHT][    ]
[210][1366][0][ 4]  [    ][    ][    ][UP][     ][    ]
[211][1368][0][36]  [FIRE][    ][    ][UP][     ][    ]
[212][1371][0][ 4]  [    ][    ][    ][UP][     ][    ]
[213][1375][0][36]  [FIRE][    ][    ][UP][     ][    ]
[214][1377][0][ 4]  [    ][    ][    ][UP][     ][    ]
[215][1382][0][36]  [FIRE][    ][    ][UP][     ][    ]
[216][1384][0][ 4]  [    ][    ][    ][UP][     ][    ]
[217][1388][0][ 6]  [    ][    ][    ][UP][RIGHT][    ]
[218][1389][0][38]  [FIRE][    ][    ][UP][RIGHT][    ]
[219][1393][0][ 6]  [    ][    ][    ][UP][RIGHT][    ]
[220][1396][0][54]  [FIRE][JUMP][    ][UP][RIGHT][    ]
[221][1398][0][22]  [    ][JUMP][    ][UP][RIGHT][    ]
[222][1407][0][54]  [FIRE][JUMP][    ][UP][RIGHT][    ]
[223][1409][0][38]  [FIRE][    ][    ][UP][RIGHT][    ]
[224][1412][0][ 6]  [    ][    ][    ][UP][RIGHT][    ]
[225][1416][0][22]  [    ][JUMP][    ][UP][RIGHT][    ]
[226][1418][0][54]  [FIRE][JUMP][    ][UP][RIGHT][    ]
[227][1419][0][38]  [FIRE][    ][    ][UP][RIGHT][    ]
[228][1422][0][ 6]  [    ][    ][    ][UP][RIGHT][    ]
[229][1425][0][22]  [    ][JUMP][    ][UP][RIGHT][    ]
[230][1429][0][54]  [FIRE][JUMP][    ][UP][RIGHT][    ]
[231][1432][0][36]  [FIRE][    ][    ][UP][     ][    ]
[232][1435][0][20]  [    ][JUMP][    ][UP][     ][    ]
[233][1441][0][52]  [FIRE][JUMP][    ][UP][     ][    ]
[234][1443][0][36]  [FIRE][    ][    ][UP][     ][    ]
[235][1445][0][ 4]  [    ][    ][    ][UP][     ][    ]
[236][1448][0][20]  [    ][JUMP][    ][UP][     ][    ]
[237][1451][0][52]  [FIRE][JUMP][    ][UP][     ][    ]
[238][1452][0][36]  [FIRE][    ][    ][UP][     ][    ]
[239][1455][0][ 4]  [    ][    ][    ][UP][     ][    ]
[240][1456][0][ 5]  [    ][    ][    ][UP][     ][LEFT]
[241][1465][0][ 4]  [    ][    ][    ][UP][     ][    ]
[242][1469][0][ 5]  [    ][    ][    ][UP][     ][LEFT]
[243][1471][0][ 1]  [    ][    ][    ][  ][     ][LEFT]
[244][1472][0][17]  [    ][JUMP][    ][  ][     ][LEFT]
[245][1480][0][16]  [    ][JUMP][    ][  ][     ][    ]
[246][1486][0][17]  [    ][JUMP][    ][  ][     ][LEFT]
[247][1487][0][ 1]  [    ][    ][    ][  ][     ][LEFT]
[248][1490][0][33]  [FIRE][    ][    ][  ][     ][LEFT]
[249][1491][0][32]  [FIRE][    ][    ][  ][     ][    ]
[250][1493][0][ 0]  [    ][    ][    ][  ][     ][    ]
[251][1495][0][ 1]  [    ][    ][    ][  ][     ][LEFT]
[252][1498][0][33]  [FIRE][    ][    ][  ][     ][LEFT]
[253][1500][0][ 1]  [    ][    ][    ][  ][     ][LEFT]
[254][1505][0][33]  [FIRE][    ][    ][  ][     ][LEFT]
[255][1506][0][36]  [FIRE][    ][    ][UP][     ][    ]
[256][1507][0][ 4]  [    ][    ][    ][UP][     ][    ]
[257][1511][0][36]  [FIRE][    ][    ][UP][     ][    ]
[258][1512][0][37]  [FIRE][    ][    ][UP][     ][LEFT]
[259][1514][0][ 5]  [    ][    ][    ][UP][     ][LEFT]
[260][1518][0][37]  [FIRE][    ][    ][UP][     ][LEFT]
[261][1521][0][ 4]  [    ][    ][    ][UP][     ][    ]
[262][1524][0][36]  [FIRE][    ][    ][UP][     ][    ]
[263][1527][0][ 6]  [    ][    ][    ][UP][RIGHT][    ]
[264][1532][0][38]  [FIRE][    ][    ][UP][RIGHT][    ]
[265][1535][0][ 6]  [    ][    ][    ][UP][RIGHT][    ]
[266][1539][0][36]  [FIRE][    ][    ][UP][     ][    ]
[267][1542][0][ 4]  [    ][    ][    ][UP][     ][    ]
[268][1544][0][ 5]  [    ][    ][    ][UP][     ][LEFT]
[269][1545][0][ 1]  [    ][    ][    ][  ][     ][LEFT]
[270][1546][0][17]  [    ][JUMP][    ][  ][     ][LEFT]
[271][1555][0][16]  [    ][JUMP][    ][  ][     ][    ]
[272][1557][0][ 0]  [    ][    ][    ][  ][     ][    ]
[273][1562][0][ 1]  [    ][    ][    ][  ][     ][LEFT]
[274][1565][0][ 4]  [    ][    ][    ][UP][     ][    ]
[275][1569][0][ 5]  [    ][    ][    ][UP][     ][LEFT]
[276][1571][0][ 1]  [    ][    ][    ][  ][     ][LEFT]
[277][1606][0][17]  [    ][JUMP][    ][  ][     ][LEFT]
[278][1622][0][ 0]  [    ][    ][    ][  ][     ][    ]
[279][1627][0][ 1]  [    ][    ][    ][  ][     ][LEFT]
[280][1632][0][ 0]  [    ][    ][    ][  ][     ][    ]
[281][1637][0][32]  [FIRE][    ][    ][  ][     ][    ]
[282][1641][0][ 0]  [    ][    ][    ][  ][     ][    ]
[283][1659][0][ 1]  [    ][    ][    ][  ][     ][LEFT]
[284][1665][0][ 0]  [    ][    ][    ][  ][     ][    ]
[285][1669][0][ 1]  [    ][    ][    ][  ][     ][LEFT]
[286][1673][0][ 0]  [    ][    ][    ][  ][     ][    ]
[287][1681][0][ 2]  [    ][    ][    ][  ][RIGHT][    ]
[288][1690][0][ 0]  [    ][    ][    ][  ][     ][    ]
[289][1698][0][ 1]  [    ][    ][    ][  ][     ][LEFT]
[290][1703][0][ 0]  [    ][    ][    ][  ][     ][    ]
[291][1721][0][ 1]  [    ][    ][    ][  ][     ][LEFT]
[292][1727][0][ 0]  [    ][    ][    ][  ][     ][    ]
[293][1737][0][ 2]  [    ][    ][    ][  ][RIGHT][    ]
[294][1741][0][34]  [FIRE][    ][    ][  ][RIGHT][    ]
[295][1743][0][32]  [FIRE][    ][    ][  ][     ][    ]
[296][1745][0][ 0]  [    ][    ][    ][  ][     ][    ]
[297][1771][0][32]  [FIRE][    ][    ][  ][     ][    ]
[298][1776][0][ 6]  [    ][    ][    ][UP][RIGHT][    ]
[299][1779][0][ 4]  [    ][    ][    ][UP][     ][    ]
[300][1780][0][36]  [FIRE][    ][    ][UP][     ][    ]
[301][1782][0][ 4]  [    ][    ][    ][UP][     ][    ]
[302][1787][0][36]  [FIRE][    ][    ][UP][     ][    ]
[303][1788][0][38]  [FIRE][    ][    ][UP][RIGHT][    ]
[304][1791][0][ 4]  [    ][    ][    ][UP][     ][    ]
[305][1795][0][36]  [FIRE][    ][    ][UP][     ][    ]
[306][1799][0][ 4]  [    ][    ][    ][UP][     ][    ]
[307][1803][0][36]  [FIRE][    ][    ][UP][     ][    ]
[308][1807][0][ 4]  [    ][    ][    ][UP][     ][    ]
[309][1816][0][ 6]  [    ][    ][    ][UP][RIGHT][    ]
[310][1821][0][32]  [FIRE][    ][    ][  ][     ][    ]
[311][1825][0][33]  [FIRE][    ][    ][  ][     ][LEFT]
[312][1826][0][ 1]  [    ][    ][    ][  ][     ][LEFT]
[313][1830][0][ 0]  [    ][    ][    ][  ][     ][    ]
[314][1834][0][36]  [FIRE][    ][    ][UP][     ][    ]
[315][1837][0][ 4]  [    ][    ][    ][UP][     ][    ]
[316][1841][0][ 0]  [    ][    ][    ][  ][     ][    ]
[317][1860][0][ 1]  [    ][    ][    ][  ][     ][LEFT]
[318][1869][0][ 0]  [    ][    ][    ][  ][     ][    ]
[319][1901][0][16]  [    ][JUMP][    ][  ][     ][    ]
[320][1907][0][ 0]  [    ][    ][    ][  ][     ][    ]
[321][1908][0][ 1]  [    ][    ][    ][  ][     ][LEFT]
[322][1912][0][ 0]  [    ][    ][    ][  ][     ][    ]
[323][1925][0][ 2]  [    ][    ][    ][  ][RIGHT][    ]
[324][1930][0][32]  [FIRE][    ][    ][  ][     ][    ]
[325][1933][0][ 0]  [    ][    ][    ][  ][     ][    ]
[326][1937][0][32]  [FIRE][    ][    ][  ][     ][    ]
[327][1940][0][ 0]  [    ][    ][    ][  ][     ][    ]
[328][2070][0][ 1]  [    ][    ][    ][  ][     ][LEFT]
[329][2078][0][ 0]  [    ][    ][    ][  ][     ][    ]
[330][2084][0][ 1]  [    ][    ][    ][  ][     ][LEFT]
[331][2085][0][ 0]  [    ][    ][    ][  ][     ][    ]
[332][2103][0][16]  [    ][JUMP][    ][  ][     ][    ]
[333][2108][0][17]  [    ][JUMP][    ][  ][     ][LEFT]
[334][2112][0][16]  [    ][JUMP][    ][  ][     ][    ]
[335][2115][0][ 0]  [    ][    ][    ][  ][     ][    ]
[336][2127][0][ 2]  [    ][    ][    ][  ][RIGHT][    ]
[337][2133][0][ 0]  [    ][    ][    ][  ][     ][    ]
[338][2159][0][33]  [FIRE][    ][    ][  ][     ][LEFT]
[339][2162][0][32]  [FIRE][    ][    ][  ][     ][    ]
[340][2163][0][ 0]  [    ][    ][    ][  ][     ][    ]
[341][2167][0][32]  [FIRE][    ][    ][  ][     ][    ]
[342][2170][0][ 0]  [    ][    ][    ][  ][     ][    ]
[343][2175][0][32]  [FIRE][    ][    ][  ][     ][    ]
[344][2179][0][ 0]  [    ][    ][    ][  ][     ][    ]
[345][2184][0][32]  [FIRE][    ][    ][  ][     ][    ]
[346][2188][0][ 0]  [    ][    ][    ][  ][     ][    ]
[347][2200][0][ 2]  [    ][    ][    ][  ][RIGHT][    ]
[348][2205][0][ 0]  [    ][    ][    ][  ][     ][    ]
[349][2255][0][ 2]  [    ][    ][    ][  ][RIGHT][    ]
[350][2261][0][ 0]  [    ][    ][    ][  ][     ][    ]
[351][2276][0][ 1]  [    ][    ][    ][  ][     ][LEFT]
[352][2283][0][ 0]  [    ][    ][    ][  ][     ][    ]
[353][2295][0][ 1]  [    ][    ][    ][  ][     ][LEFT]
[354][2296][0][17]  [    ][JUMP][    ][  ][     ][LEFT]
[355][2303][0][16]  [    ][JUMP][    ][  ][     ][    ]
[356][2305][0][ 0]  [    ][    ][    ][  ][     ][    ]
[357][2308][0][ 1]  [    ][    ][    ][  ][     ][LEFT]
[358][2315][0][ 0]  [    ][    ][    ][  ][     ][    ]
[359][2318][0][ 2]  [    ][    ][    ][  ][RIGHT][    ]
[360][2321][0][ 0]  [    ][    ][    ][  ][     ][    ]
[361][2324][0][ 1]  [    ][    ][    ][  ][     ][LEFT]
[362][2330][0][ 0]  [    ][    ][    ][  ][     ][    ]
[363][2333][0][ 1]  [    ][    ][    ][  ][     ][LEFT]
[364][2342][0][17]  [    ][JUMP][    ][  ][     ][LEFT]
[365][2359][0][ 1]  [    ][    ][    ][  ][     ][LEFT]
[366][2361][0][33]  [FIRE][    ][    ][  ][     ][LEFT]
[367][2366][0][ 1]  [    ][    ][    ][  ][     ][LEFT]
[368][2367][0][ 0]  [    ][    ][    ][  ][     ][    ]
[369][2370][0][32]  [FIRE][    ][    ][  ][     ][    ]
[370][2374][0][ 0]  [    ][    ][    ][  ][     ][    ]
[371][2379][0][16]  [    ][JUMP][    ][  ][     ][    ]
[372][2380][0][17]  [    ][JUMP][    ][  ][     ][LEFT]
[373][2390][0][49]  [FIRE][JUMP][    ][  ][     ][LEFT]
[374][2392][0][33]  [FIRE][    ][    ][  ][     ][LEFT]
[375][2394][0][ 1]  [    ][    ][    ][  ][     ][LEFT]
[376][2398][0][33]  [FIRE][    ][    ][  ][     ][LEFT]
[377][2399][0][32]  [FIRE][    ][    ][  ][     ][    ]
[378][2401][0][ 2]  [    ][    ][    ][  ][RIGHT][    ]
[379][2405][0][ 0]  [    ][    ][    ][  ][     ][    ]
[380][2406][0][32]  [FIRE][    ][    ][  ][     ][    ]
[381][2408][0][ 0]  [    ][    ][    ][  ][     ][    ]
[382][2410][0][ 2]  [    ][    ][    ][  ][RIGHT][    ]
[383][2413][0][34]  [FIRE][    ][    ][  ][RIGHT][    ]
[384][2415][0][ 2]  [    ][    ][    ][  ][RIGHT][    ]
[385][2420][0][34]  [FIRE][    ][    ][  ][RIGHT][    ]
[386][2422][0][ 0]  [    ][    ][    ][  ][     ][    ]
[387][2426][0][32]  [FIRE][    ][    ][  ][     ][    ]
[388][2429][0][ 0]  [    ][    ][    ][  ][     ][    ]
[389][2433][0][32]  [FIRE][    ][    ][  ][     ][    ]
[390][2436][0][ 0]  [    ][    ][    ][  ][     ][    ]
[391][2439][0][16]  [    ][JUMP][    ][  ][     ][    ]
[392][2440][0][48]  [FIRE][JUMP][    ][  ][     ][    ]
[393][2442][0][16]  [    ][JUMP][    ][  ][     ][    ]
[394][2444][0][ 0]  [    ][    ][    ][  ][     ][    ]
[395][2449][0][16]  [    ][JUMP][    ][  ][     ][    ]
[396][2452][0][ 0]  [    ][    ][    ][  ][     ][    ]
[397][2456][0][32]  [FIRE][    ][    ][  ][     ][    ]
[398][2457][0][48]  [FIRE][JUMP][    ][  ][     ][    ]
[399][2459][0][16]  [    ][JUMP][    ][  ][     ][    ]
[400][2460][0][ 0]  [    ][    ][    ][  ][     ][    ]
[401][2464][0][48]  [FIRE][JUMP][    ][  ][     ][    ]
[402][2466][0][32]  [FIRE][    ][    ][  ][     ][    ]
[403][2467][0][ 0]  [    ][    ][    ][  ][     ][    ]
[404][2472][0][49]  [FIRE][JUMP][    ][  ][     ][LEFT]
[405][2474][0][ 1]  [    ][    ][    ][  ][     ][LEFT]
[406][2503][0][17]  [    ][JUMP][    ][  ][     ][LEFT]
[407][2509][0][16]  [    ][JUMP][    ][  ][     ][    ]
[408][2516][0][ 0]  [    ][    ][    ][  ][     ][    ]
[409][2521][0][ 2]  [    ][    ][    ][  ][RIGHT][    ]
[410][2525][0][ 0]  [    ][    ][    ][  ][     ][    ]
[411][2530][0][16]  [    ][JUMP][    ][  ][     ][    ]
[412][2575][0][17]  [    ][JUMP][    ][  ][     ][LEFT]
[413][2585][0][49]  [FIRE][JUMP][    ][  ][     ][LEFT]
[414][2586][0][33]  [FIRE][    ][    ][  ][     ][LEFT]
[415][2589][0][ 0]  [    ][    ][    ][  ][     ][    ]
[416][2593][0][32]  [FIRE][    ][    ][  ][     ][    ]
[417][2596][0][ 0]  [    ][    ][    ][  ][     ][    ]
[418][2601][0][32]  [FIRE][    ][    ][  ][     ][    ]
[419][2604][0][ 0]  [    ][    ][    ][  ][     ][    ]
[420][2632][0][ 1]  [    ][    ][    ][  ][     ][LEFT]
[421][2635][0][ 5]  [    ][    ][    ][UP][     ][LEFT]
[422][2637][0][ 4]  [    ][    ][    ][UP][     ][    ]
[423][2644][0][ 0]  [    ][    ][    ][  ][     ][    ]
[424][2658][0][ 1]  [    ][    ][    ][  ][     ][LEFT]
[425][2667][0][ 0]  [    ][    ][    ][  ][     ][    ]
[426][2669][0][34]  [FIRE][    ][    ][  ][RIGHT][    ]
[427][2672][0][ 2]  [    ][    ][    ][  ][RIGHT][    ]
[428][2676][0][34]  [FIRE][    ][    ][  ][RIGHT][    ]
[429][2680][0][ 2]  [    ][    ][    ][  ][RIGHT][    ]
[430][2685][0][ 0]  [    ][    ][    ][  ][     ][    ]
[431][2690][0][ 1]  [    ][    ][    ][  ][     ][LEFT]
[432][2701][0][ 0]  [    ][    ][    ][  ][     ][    ]
[433][2712][0][32]  [FIRE][    ][    ][  ][     ][    ]
[434][2715][0][ 0]  [    ][    ][    ][  ][     ][    ]
[435][2719][0][32]  [FIRE][    ][    ][  ][     ][    ]
[436][2723][0][ 0]  [    ][    ][    ][  ][     ][    ]
[437][2726][0][32]  [FIRE][    ][    ][  ][     ][    ]
[438][2728][0][ 0]  [    ][    ][    ][  ][     ][    ]
[439][2733][0][32]  [FIRE][    ][    ][  ][     ][    ]
[440][2735][0][ 0]  [    ][    ][    ][  ][     ][    ]
[441][2739][0][32]  [FIRE][    ][    ][  ][     ][    ]
[442][2740][0][ 0]  [    ][    ][    ][  ][     ][    ]
[443][2744][0][32]  [FIRE][    ][    ][  ][     ][    ]
[444][2747][0][ 0]  [    ][    ][    ][  ][     ][    ]
[445][2751][0][32]  [FIRE][    ][    ][  ][     ][    ]
[446][2753][0][ 0]  [    ][    ][    ][  ][     ][    ]
[447][2758][0][ 1]  [    ][    ][    ][  ][     ][LEFT]
[448][2767][0][ 0]  [    ][    ][    ][  ][     ][    ]
[449][2781][0][ 1]  [    ][    ][    ][  ][     ][LEFT]
[450][2786][0][ 0]  [    ][    ][    ][  ][     ][    ]
[451][2797][0][16]  [    ][JUMP][    ][  ][     ][    ]
[452][2808][0][48]  [FIRE][JUMP][    ][  ][     ][    ]
[453][2810][0][32]  [FIRE][    ][    ][  ][     ][    ]
[454][2813][0][ 0]  [    ][    ][    ][  ][     ][    ]
[455][2838][0][16]  [    ][JUMP][    ][  ][     ][    ]
[456][2842][0][52]  [FIRE][JUMP][    ][UP][     ][    ]
[457][2843][0][36]  [FIRE][    ][    ][UP][     ][    ]
[458][2847][0][ 4]  [    ][    ][    ][UP][     ][    ]
[459][2850][0][36]  [FIRE][    ][    ][UP][     ][    ]
[460][2854][0][ 6]  [    ][    ][    ][UP][RIGHT][    ]
[461][2856][0][ 2]  [    ][    ][    ][  ][RIGHT][    ]
[462][2858][0][34]  [FIRE][    ][    ][  ][RIGHT][    ]
[463][2860][0][ 0]  [    ][    ][    ][  ][     ][    ]
[464][2864][0][32]  [FIRE][    ][    ][  ][     ][    ]
[465][2867][0][ 0]  [    ][    ][    ][  ][     ][    ]
[466][2871][0][32]  [FIRE][    ][    ][  ][     ][    ]
[467][2873][0][ 0]  [    ][    ][    ][  ][     ][    ]
[468][2877][0][32]  [FIRE][    ][    ][  ][     ][    ]
[469][2879][0][ 0]  [    ][    ][    ][  ][     ][    ]
[470][2883][0][32]  [FIRE][    ][    ][  ][     ][    ]
[471][2886][0][ 0]  [    ][    ][    ][  ][     ][    ]
[472][2890][0][32]  [FIRE][    ][    ][  ][     ][    ]
[473][2892][0][ 0]  [    ][    ][    ][  ][     ][    ]
[474][2896][0][32]  [FIRE][    ][    ][  ][     ][    ]
[475][2898][0][ 0]  [    ][    ][    ][  ][     ][    ]
[476][2902][0][32]  [FIRE][    ][    ][  ][     ][    ]
[477][2904][0][34]  [FIRE][    ][    ][  ][RIGHT][    ]
[478][2905][0][ 6]  [    ][    ][    ][UP][RIGHT][    ]
[479][2908][0][ 4]  [    ][    ][    ][UP][     ][    ]
[480][2909][0][36]  [FIRE][    ][    ][UP][     ][    ]
[481][2912][0][ 4]  [    ][    ][    ][UP][     ][    ]
[482][2916][0][36]  [FIRE][    ][    ][UP][     ][    ]
[483][2919][0][ 4]  [    ][    ][    ][UP][     ][    ]
[484][2923][0][36]  [FIRE][    ][    ][UP][     ][    ]
[485][2925][0][ 4]  [    ][    ][    ][UP][     ][    ]
[486][2930][0][36]  [FIRE][    ][    ][UP][     ][    ]
[487][2933][0][ 4]  [    ][    ][    ][UP][     ][    ]
[488][2937][0][36]  [FIRE][    ][    ][UP][     ][    ]
[489][2939][0][ 4]  [    ][    ][    ][UP][     ][    ]
[490][2942][0][ 0]  [    ][    ][    ][  ][     ][    ]
[491][2944][0][32]  [FIRE][    ][    ][  ][     ][    ]
[492][2947][0][ 0]  [    ][    ][    ][  ][     ][    ]
[493][2948][0][16]  [    ][JUMP][    ][  ][     ][    ]
[494][2956][0][20]  [    ][JUMP][    ][UP][     ][    ]
[495][2959][0][36]  [FIRE][    ][    ][UP][     ][    ]
[496][2962][0][ 4]  [    ][    ][    ][UP][     ][    ]
[497][2966][0][36]  [FIRE][    ][    ][UP][     ][    ]
[498][2969][0][ 4]  [    ][    ][    ][UP][     ][    ]
[499][2972][0][ 0]  [    ][    ][    ][  ][     ][    ]
[500][2973][0][32]  [FIRE][    ][    ][  ][     ][    ]
[501][2977][0][ 0]  [    ][    ][    ][  ][     ][    ]
[502][2981][0][33]  [FIRE][    ][    ][  ][     ][LEFT]
[503][2985][0][ 1]  [    ][    ][    ][  ][     ][LEFT]
[504][2990][0][53]  [FIRE][JUMP][    ][UP][     ][LEFT]
[505][2991][0][21]  [    ][JUMP][    ][UP][     ][LEFT]
[506][2996][0][20]  [    ][JUMP][    ][UP][     ][    ]
[507][2997][0][52]  [FIRE][JUMP][    ][UP][     ][    ]
[508][2999][0][36]  [FIRE][    ][    ][UP][     ][    ]
[509][3000][0][ 6]  [    ][    ][    ][UP][RIGHT][    ]
[510][3003][0][ 2]  [    ][    ][    ][  ][RIGHT][    ]
[511][3005][0][32]  [FIRE][    ][    ][  ][     ][    ]
[512][3008][0][ 0]  [    ][    ][    ][  ][     ][    ]
[513][3012][0][32]  [FIRE][    ][    ][  ][     ][    ]
[514][3015][0][ 0]  [    ][    ][    ][  ][     ][    ]
[515][3018][0][32]  [FIRE][    ][    ][  ][     ][    ]
[516][3021][0][ 0]  [    ][    ][    ][  ][     ][    ]
[517][3026][0][48]  [FIRE][JUMP][    ][  ][     ][    ]
[518][3028][0][16]  [    ][JUMP][    ][  ][     ][    ]
[519][3033][0][22]  [    ][JUMP][    ][UP][RIGHT][    ]
[520][3034][0][54]  [FIRE][JUMP][    ][UP][RIGHT][    ]
[521][3036][0][38]  [FIRE][    ][    ][UP][RIGHT][    ]
[522][3038][0][ 4]  [    ][    ][    ][UP][     ][    ]
[523][3042][0][38]  [FIRE][    ][    ][UP][RIGHT][    ]
[524][3045][0][ 6]  [    ][    ][    ][UP][RIGHT][    ]
[525][3046][0][ 4]  [    ][    ][    ][UP][     ][    ]
[526][3050][0][36]  [FIRE][    ][    ][UP][     ][    ]
[527][3053][0][ 4]  [    ][    ][    ][UP][     ][    ]
[528][3057][0][36]  [FIRE][    ][    ][UP][     ][    ]
[529][3060][0][ 5]  [    ][    ][    ][UP][     ][LEFT]
[530][3064][0][37]  [FIRE][    ][    ][UP][     ][LEFT]
[531][3067][0][ 5]  [    ][    ][    ][UP][     ][LEFT]
[532][3071][0][37]  [FIRE][    ][    ][UP][     ][LEFT]
[533][3072][0][36]  [FIRE][    ][    ][UP][     ][    ]
[534][3074][0][ 4]  [    ][    ][    ][UP][     ][    ]
[535][3076][0][ 6]  [    ][    ][    ][UP][RIGHT][    ]
[536][3078][0][38]  [FIRE][    ][    ][UP][RIGHT][    ]
[537][3081][0][ 6]  [    ][    ][    ][UP][RIGHT][    ]
[538][3083][0][ 4]  [    ][    ][    ][UP][     ][    ]
[539][3085][0][36]  [FIRE][    ][    ][UP][     ][    ]
[540][3087][0][32]  [FIRE][    ][    ][  ][     ][    ]
[541][3088][0][ 0]  [    ][    ][    ][  ][     ][    ]
[542][3092][0][48]  [FIRE][JUMP][    ][  ][     ][    ]
[543][3094][0][16]  [    ][JUMP][    ][  ][     ][    ]
[544][3101][0][48]  [FIRE][JUMP][    ][  ][     ][    ]
[545][3103][0][32]  [FIRE][    ][    ][  ][     ][    ]
[546][3109][0][ 0]  [    ][    ][    ][  ][     ][    ]
[547][3110][0][16]  [    ][JUMP][    ][  ][     ][    ]
[548][3113][0][48]  [FIRE][JUMP][    ][  ][     ][    ]
[549][3115][0][32]  [FIRE][    ][    ][  ][     ][    ]
[550][3116][0][ 0]  [    ][    ][    ][  ][     ][    ]
[551][3121][0][48]  [FIRE][JUMP][    ][  ][     ][    ]
[552][3123][0][ 0]  [    ][    ][    ][  ][     ][    ]
[553][3127][0][48]  [FIRE][JUMP][    ][  ][     ][    ]
[554][3130][0][ 0]  [    ][    ][    ][  ][     ][    ]
[555][3133][0][48]  [FIRE][JUMP][    ][  ][     ][    ]
[556][3136][0][ 0]  [    ][    ][    ][  ][     ][    ]
[557][3140][0][48]  [FIRE][JUMP][    ][  ][     ][    ]
[558][3144][0][ 0]  [    ][    ][    ][  ][     ][    ]
[559][3145][0][ 4]  [    ][    ][    ][UP][     ][    ]
[560][3148][0][52]  [FIRE][JUMP][    ][UP][     ][    ]
[561][3149][0][54]  [FIRE][JUMP][    ][UP][RIGHT][    ]
[562][3151][0][ 6]  [    ][    ][    ][UP][RIGHT][    ]
[563][3154][0][ 4]  [    ][    ][    ][UP][     ][    ]
[564][3156][0][36]  [FIRE][    ][    ][UP][     ][    ]
[565][3158][0][ 4]  [    ][    ][    ][UP][     ][    ]
[566][3162][0][36]  [FIRE][    ][    ][UP][     ][    ]
[567][3165][0][ 4]  [    ][    ][    ][UP][     ][    ]
[568][3171][0][ 5]  [    ][    ][    ][UP][     ][LEFT]
[569][3173][0][ 1]  [    ][    ][    ][  ][     ][LEFT]
[570][3176][0][ 0]  [    ][    ][    ][  ][     ][    ]
[571][3182][0][16]  [    ][JUMP][    ][  ][     ][    ]
[572][3183][0][18]  [    ][JUMP][    ][  ][RIGHT][    ]
[573][3184][0][16]  [    ][JUMP][    ][  ][     ][    ]
[574][3190][0][ 0]  [    ][    ][    ][  ][     ][    ]
[575][3192][0][ 2]  [    ][    ][    ][  ][RIGHT][    ]
[576][3193][0][ 0]  [    ][    ][    ][  ][     ][    ]
[577][3199][0][ 2]  [    ][    ][    ][  ][RIGHT][    ]
[578][3211][0][18]  [    ][JUMP][    ][  ][RIGHT][    ]
[579][3226][0][ 2]  [    ][    ][    ][  ][RIGHT][    ]
[580][3231][0][ 0]  [    ][    ][    ][  ][     ][    ]
[581][3232][0][ 1]  [    ][    ][    ][  ][     ][LEFT]
[582][3236][0][ 2]  [    ][    ][    ][  ][RIGHT][    ]
[583][3242][0][ 1]  [    ][    ][    ][  ][     ][LEFT]
[584][3245][0][ 0]  [    ][    ][    ][  ][     ][    ]
[585][3246][0][ 2]  [    ][    ][    ][  ][RIGHT][    ]
[586][3266][0][ 0]  [    ][    ][    ][  ][     ][    ]
[587][3340][0][ 1]  [    ][    ][    ][  ][     ][LEFT]
[588][3383][0][ 0]  [    ][    ][    ][  ][     ][    ]
[589][3384][0][ 2]  [    ][    ][    ][  ][RIGHT][    ]
[590][3395][0][ 1]  [    ][    ][    ][  ][     ][LEFT]
[591][3401][0][ 7]  [    ][    ][    ][UP][RIGHT][LEFT]
[592][3402][0][ 6]  [    ][    ][    ][UP][RIGHT][    ]
[593][3405][0][ 4]  [    ][    ][    ][UP][     ][    ]
[594][3407][0][ 1]  [    ][    ][    ][  ][     ][LEFT]
[595][3411][0][ 7]  [    ][    ][    ][UP][RIGHT][LEFT]
[596][3412][0][ 6]  [    ][    ][    ][UP][RIGHT][    ]
[597][3415][0][ 4]  [    ][    ][    ][UP][     ][    ]
[598][3416][0][ 1]  [    ][    ][    ][  ][     ][LEFT]
[599][3420][0][ 2]  [    ][    ][    ][  ][RIGHT][    ]
[600][3427][0][ 0]  [    ][    ][    ][  ][     ][    ]
[601][3431][0][ 2]  [    ][    ][    ][  ][RIGHT][    ]
[602][3481][0][ 0]  [    ][    ][    ][  ][     ][    ]
[603][3501][0][16]  [    ][JUMP][    ][  ][     ][    ]
[604][3512][0][48]  [FIRE][JUMP][    ][  ][     ][    ]
[605][3514][0][32]  [FIRE][    ][    ][  ][     ][    ]
[606][3516][0][ 0]  [    ][    ][    ][  ][     ][    ]
[607][3521][0][32]  [FIRE][    ][    ][  ][     ][    ]
[608][3524][0][ 0]  [    ][    ][    ][  ][     ][    ]
[609][3526][0][ 2]  [    ][    ][    ][  ][RIGHT][    ]
[610][3528][0][34]  [FIRE][    ][    ][  ][RIGHT][    ]
[611][3531][0][32]  [FIRE][    ][    ][  ][     ][    ]
[612][3532][0][ 1]  [    ][    ][    ][  ][     ][LEFT]
[613][3537][0][ 0]  [    ][    ][    ][  ][     ][    ]
[614][3538][0][16]  [    ][JUMP][    ][  ][     ][    ]
[615][3546][0][48]  [FIRE][JUMP][    ][  ][     ][    ]
[616][3548][0][32]  [FIRE][    ][    ][  ][     ][    ]
[617][3550][0][ 0]  [    ][    ][    ][  ][     ][    ]
[618][3554][0][32]  [FIRE][    ][    ][  ][     ][    ]
[619][3558][0][ 0]  [    ][    ][    ][  ][     ][    ]
[620][3562][0][32]  [FIRE][    ][    ][  ][     ][    ]
[621][3565][0][ 0]  [    ][    ][    ][  ][     ][    ]
[622][3569][0][32]  [FIRE][    ][    ][  ][     ][    ]
[623][3573][0][ 0]  [    ][    ][    ][  ][     ][    ]
[624][3577][0][48]  [FIRE][JUMP][    ][  ][     ][    ]
[625][3585][0][32]  [FIRE][    ][    ][  ][     ][    ]
[626][3587][0][ 0]  [    ][    ][    ][  ][     ][    ]
[627][3604][0][ 1]  [    ][    ][    ][  ][     ][LEFT]
[628][3610][0][ 0]  [    ][    ][    ][  ][     ][    ]
[629][3614][0][ 2]  [    ][    ][    ][  ][RIGHT][    ]
[630][3618][0][ 3]  [    ][    ][    ][  ][RIGHT][LEFT]
[631][3620][0][ 1]  [    ][    ][    ][  ][     ][LEFT]
[632][3624][0][ 2]  [    ][    ][    ][  ][RIGHT][    ]
[633][3629][0][ 1]  [    ][    ][    ][  ][     ][LEFT]
[634][3633][0][ 2]  [    ][    ][    ][  ][RIGHT][    ]
[635][3638][0][ 1]  [    ][    ][    ][  ][     ][LEFT]
[636][3643][0][ 2]  [    ][    ][    ][  ][RIGHT][    ]
[637][3647][0][ 0]  [    ][    ][    ][  ][     ][    ]
[638][3656][0][ 1]  [    ][    ][    ][  ][     ][LEFT]
[639][3665][0][ 0]  [    ][    ][    ][  ][     ][    ]
[640][3700][0][ 2]  [    ][    ][    ][  ][RIGHT][    ]
[641][3720][0][18]  [    ][JUMP][    ][  ][RIGHT][    ]
[642][3745][0][ 2]  [    ][    ][    ][  ][RIGHT][    ]
[643][3749][0][ 0]  [    ][    ][    ][  ][     ][    ]
[644][3751][0][ 1]  [    ][    ][    ][  ][     ][LEFT]
[645][3757][0][ 0]  [    ][    ][    ][  ][     ][    ]
[646][3764][0][ 2]  [    ][    ][    ][  ][RIGHT][    ]
[647][3766][0][18]  [    ][JUMP][    ][  ][RIGHT][    ]
[648][3777][0][16]  [    ][JUMP][    ][  ][     ][    ]
[649][3779][0][ 0]  [    ][    ][    ][  ][     ][    ]
[650][3783][0][ 1]  [    ][    ][    ][  ][     ][LEFT]
[651][3788][0][ 0]  [    ][    ][    ][  ][     ][    ]
[652][3799][0][ 2]  [    ][    ][    ][  ][RIGHT][    ]
[653][3806][0][ 0]  [    ][    ][    ][  ][     ][    ]
[654][3808][0][ 1]  [    ][    ][    ][  ][     ][LEFT]
[655][3809][0][17]  [    ][JUMP][    ][  ][     ][LEFT]
[656][3832][0][ 0]  [    ][    ][    ][  ][     ][    ]
[657][3874][0][ 1]  [    ][    ][    ][  ][     ][LEFT]
[658][3882][0][ 0]  [    ][    ][    ][  ][     ][    ]
[659][3890][0][ 2]  [    ][    ][    ][  ][RIGHT][    ]
[660][3901][0][ 0]  [    ][    ][    ][  ][     ][    ]
[661][3933][0][16]  [    ][JUMP][    ][  ][     ][    ]
[662][3939][0][18]  [    ][JUMP][    ][  ][RIGHT][    ]
[663][3944][0][ 0]  [    ][    ][    ][  ][     ][    ]
[664][4000][0][ 2]  [    ][    ][    ][  ][RIGHT][    ]
[665][4008][0][ 0]  [    ][    ][    ][  ][     ][    ]
[666][4022][0][16]  [    ][JUMP][    ][  ][     ][    ]
[667][4027][0][ 0]  [    ][    ][    ][  ][     ][    ]
[668][4037][0][ 1]  [    ][    ][    ][  ][     ][LEFT]
[669][4042][0][ 0]  [    ][    ][    ][  ][     ][    ]
[670][4083][0][ 1]  [    ][    ][    ][  ][     ][LEFT]
[671][4086][0][ 0]  [    ][    ][    ][  ][     ][    ]
[672][4125][0][16]  [    ][JUMP][    ][  ][     ][    ]
[673][4134][0][18]  [    ][JUMP][    ][  ][RIGHT][    ]
[674][4137][0][ 2]  [    ][    ][    ][  ][RIGHT][    ]
[675][4138][0][ 0]  [    ][    ][    ][  ][     ][    ]
[676][4143][0][ 2]  [    ][    ][    ][  ][RIGHT][    ]
[677][4147][0][ 0]  [    ][    ][    ][  ][     ][    ]
[678][4195][0][16]  [    ][JUMP][    ][  ][     ][    ]
[679][4200][0][ 0]  [    ][    ][    ][  ][     ][    ]
[680][4205][0][ 1]  [    ][    ][    ][  ][     ][LEFT]
[681][4206][0][ 0]  [    ][    ][    ][  ][     ][    ]
[682][4212][0][ 2]  [    ][    ][    ][  ][RIGHT][    ]
[683][4225][0][ 0]  [    ][    ][    ][  ][     ][    ]
[684][4258][0][ 1]  [    ][    ][    ][  ][     ][LEFT]
[685][4269][0][ 0]  [    ][    ][    ][  ][     ][    ]
[686][4308][0][16]  [    ][JUMP][    ][  ][     ][    ]
[687][4322][0][ 0]  [    ][    ][    ][  ][     ][    ]
[688][4363][0][16]  [    ][JUMP][    ][  ][     ][    ]
[689][4369][0][18]  [    ][JUMP][    ][  ][RIGHT][    ]
[690][4374][0][ 0]  [    ][    ][    ][  ][     ][    ]
[691][4390][0][ 1]  [    ][    ][    ][  ][     ][LEFT]
[692][4397][0][ 0]  [    ][    ][    ][  ][     ][    ]
[693][4429][0][ 1]  [    ][    ][    ][  ][     ][LEFT]
[694][4434][0][ 0]  [    ][    ][    ][  ][     ][    ]
[695][4453][0][ 1]  [    ][    ][    ][  ][     ][LEFT]
[696][4457][0][ 0]  [    ][    ][    ][  ][     ][    ]
[697][4461][0][ 1]  [    ][    ][    ][  ][     ][LEFT]
[698][4465][0][ 0]  [    ][    ][    ][  ][     ][    ]
[699][4479][0][ 1]  [    ][    ][    ][  ][     ][LEFT]
[700][4483][0][ 0]  [    ][    ][    ][  ][     ][    ]
[701][4486][0][16]  [    ][JUMP][    ][  ][     ][    ]
[702][4493][0][ 0]  [    ][    ][    ][  ][     ][    ]
[703][4495][0][ 2]  [    ][    ][    ][  ][RIGHT][    ]
[704][4499][0][ 0]  [    ][    ][    ][  ][     ][    ]
[705][4524][0][ 1]  [    ][    ][    ][  ][     ][LEFT]
[706][4530][0][ 0]  [    ][    ][    ][  ][     ][    ]
[707][4552][0][ 1]  [    ][    ][    ][  ][     ][LEFT]
[708][4555][0][ 0]  [    ][    ][    ][  ][     ][    ]
[709][4574][0][ 1]  [    ][    ][    ][  ][     ][LEFT]
[710][4577][0][ 0]  [    ][    ][    ][  ][     ][    ]
[711][4621][0][16]  [    ][JUMP][    ][  ][     ][    ]
[712][4626][0][ 0]  [    ][    ][    ][  ][     ][    ]
[713][4696][0][16]  [    ][JUMP][    ][  ][     ][    ]
[714][4703][0][ 0]  [    ][    ][    ][  ][     ][    ]
[715][4718][0][ 1]  [    ][    ][    ][  ][     ][LEFT]
[716][4722][0][ 0]  [    ][    ][    ][  ][     ][    ]
[717][4760][0][ 2]  [    ][    ][    ][  ][RIGHT][    ]
[718][4765][0][ 0]  [    ][    ][    ][  ][     ][    ]
[719][4785][0][ 2]  [    ][    ][    ][  ][RIGHT][    ]
[720][4790][0][ 0]  [    ][    ][    ][  ][     ][    ]
[721][4846][0][16]  [    ][JUMP][    ][  ][     ][    ]
[722][4859][0][ 0]  [    ][    ][    ][  ][     ][    ]
[723][4863][0][ 2]  [    ][    ][    ][  ][RIGHT][    ]
[724][4868][0][ 0]  [    ][    ][    ][  ][     ][    ]
[725][4892][0][16]  [    ][JUMP][    ][  ][     ][    ]
[726][4898][0][18]  [    ][JUMP][    ][  ][RIGHT][    ]
[727][4900][0][ 2]  [    ][    ][    ][  ][RIGHT][    ]
[728][4905][0][ 0]  [    ][    ][    ][  ][     ][    ]
[729][4931][0][ 2]  [    ][    ][    ][  ][RIGHT][    ]
[730][4940][0][ 0]  [    ][    ][    ][  ][     ][    ]
[731][4952][0][ 1]  [    ][    ][    ][  ][     ][LEFT]
[732][4959][0][ 0]  [    ][    ][    ][  ][     ][    ]
[733][5030][0][ 1]  [    ][    ][    ][  ][     ][LEFT]
[734][5072]-------------LEVEL DONE 1 ---------------- 
[735][5152]-------------LEVEL DONE 2 ---------------- 
[736][5872]-------------NEXT LEVEL!------------------ 
[737][5202]-------------PLAYER 0 ACKNOWLEDGE------ 
[738][5203]-------------NEXT LEVEL!------------------ 
